txid,canonical_wallet_id,if_flag,if_score
1f7bdb47975942a1b35e4a21abf9b2d5,393,0,0.11445707158938556
13acbe9a032b4e09bd5720111535ba72,418,0,0.10496449952901155
04fe050691584b9ab0f69d2d430968ae,454,0,0.12105743354177917
f723c975b3cd4ff2b7b4355190a05f1f,31,0,0.10386692652329454
909d50f260eb4446bc65cdffa7f7d08c,230,0,0.13051630467760977
49ff146b5f3a4cd3866d573651709bb2,468,1,-0.012086399292326466
11404f691eab4d65bea73b41291d35a2,115,0,0.1147579098964584
0eaedec453b8431fb13b6e9496425d87,556,0,0.1327827799412617
626483f988044523a9d4973baa8b0028,356,0,0.12033552549028803
494a81ecdbdb4cbb95a3a3d8df51482c,242,0,0.121762725905745
2af5b83bf6144ada8dd88548060f4cf7,705,1,-0.024352009408422526
da780a3db2604f35a5bc1977075d7276,169,0,0.11286568634524574
783126424de84c6695abc670bc5e42a4,211,0,0.12344552324876884
3710f6ece38b49049d5dd1f4d010bd0d,287,0,0.13190963197127492
e885ba1461f2413f89eea2ab1daf288f,720,0,0.13046002175571864
ba23d3734ba0487ea190941209cc1276,526,0,0.11054885768712908
d7b59fae89dc426293429ac1d24bd4fd,671,0,0.08159617594855834
c307a23f0a6144d9836eb863fc29c76e,149,0,0.1310432890380468
1ca37214268743f98883517b3bce5c85,779,0,0.1245905453926866
17b88668c37b47cab62ee5732639fac5,462,0,0.1330147457334721
6944be6d9e83467cb036c1bd356320d9,787,0,0.12259217636719427
da60097deffe43b998a4ea129bde4d6e,711,0,0.12138196230722653
88fa55d772b442a598d9129c64350e29,595,0,0.10521480975739184
b637b80cdd0440faadde05058982021c,748,0,0.11750671062206208
93b900d5f4db4ba6a0cd2e2ac7594559,64,0,0.1271049424702249
999e8597aa624f03902535feca63d98b,439,0,0.1338907634161307
4fc618f12f514f69872b2cf2633a19d9,290,0,0.12104292892378615
4c0345cf523a49c4abe38a9994803b51,496,0,0.09478019616188688
1f9b52b97ee64846bee7e18a950fb425,101,0,0.11225716820988263
37effacc01554a379752a78040a8ec40,438,0,0.05510726889074674
ac26920506774c5ba12f4a93cc59c668,665,0,0.04008018122877027
9e71f354fef44d05986ad7be949b5b1a,369,0,0.10636495904133775
767aa95753674b4b8f1a0f00ce891046,664,0,0.1093703916502688
a7a1a40c1b4346c294409b6f36408cbd,312,0,0.12820560333414538
eeba3b86613348d18be427ba6824ee33,439,0,0.14180518252524021
4f50673664424dd092f5b249c80791d1,135,0,0.10423234874759729
796d9da17d6046cba169d3d0994921a8,455,0,0.09423017378187631
f08c1feb4dfd4e89b4c44cf7e13d5b64,123,0,0.041828665324118386
ed47ad81946d41f6b513ca33b47b7c67,320,1,-0.02595778103485169
6a3d505def844080a8f0a3862f045f5e,146,0,0.12833144311201533
b98897ff5bcc45ff95dd2f2c22dbc0b0,624,0,0.07537653086994844
94b582a21ea642458c126fe3be5e8f2a,218,0,0.11824861649245183
8119f25fa3074908bf211b51d5efe9b0,102,0,0.13020802782563135
13b765d935194abb8c5b8dcd2edcb3e4,747,0,0.12970316181373198
5c9f7eecb6674b9fb51c0f3f621d43b9,322,0,0.11807636097937857
8a9550fa9dee4cd8865a08feaf46a825,254,0,0.12080683896435546
4f105384ed9a4c0ea348a4599fbcebe5,622,0,0.08000682253583519
85162d0959f44546807d182a26342eaa,55,0,0.10911940669417514
f4dc4d65c8474927a760b7e3c33d9f25,511,0,0.12386606924320137
090fcdb1f3b042e893825d753b79bd88,12,0,0.11414000263316043
5bcec5d7155b400c82d28f8cf6c9948b,74,0,0.02287704464810353
2bddd2c1e1ce4744b3cd2de9138cf6d1,220,1,-0.007223898089168346
d6d92f55d03043328f9a2f8bf350eba3,162,0,0.04640554126758345
a1507323ff074f03be3337fb64bd1915,162,1,-0.04465304862792496
2fe89ef39ed649de90ae45b0506b035c,293,0,0.1121147556343256
68dc9ea5a86c4505abef8db66a21869a,718,0,0.10405986183295868
3972845659df490bbcc899d95051a589,630,0,0.11571508953269138
08edbaea7c374588845f06fc4a782b27,523,0,0.1121897612321609
1e6a0b1b5c2a4c919a0634d3bbb3cf73,162,1,-0.047578656156641363
d8f04ebd0b4a41518a60d907c9c60fbf,781,0,0.020217531210585338
8cb3c62db9d54acd8b8ee2a0835967d7,162,1,-0.052252804164757194
0c5edc3f0cf24110938827685994637b,317,0,0.13361056193206827
79c39e470f554cf6be5d54c69ff3628b,244,0,0.1174649324059216
17c95e8d625f4086b35e0defd92138a0,464,0,0.13652100171035214
89544732a8d04c1e8149e06ddd4de49b,162,1,-0.026875063034603075
0a21cafb993541069423b298d4a59f05,162,1,-0.03621571079650632
05a35426d849428faa295ff37388fbe1,682,0,0.11396849457297487
8f1ed533d58b4a96a04069afd4fcafe6,12,0,0.11872847770244993
c5c4c63b1a2746a3b35be7a1192b6f08,355,0,0.13188506959008284
35927c42d99f4928965f5a39cd8ef2a9,738,0,0.07933453760654985
04c6137522ac442797c7aea0f85cc6db,642,0,0.001576918675766037
7b570717e349411cbfc4ee0b44486e51,511,0,0.16163037633749794
77a784be07d1444fa1bb5520eb571185,105,0,0.12181946834045854
9facd071c8b047589a2c6ecf932f5dd5,758,0,0.10614407358698025
f2ff9d2a20bf499f8eb18d078c64eab7,12,0,0.1610969975071132
c9041cc3d8a44c5bb40394ff9c5dfac4,153,0,0.10105424332682272
1a66e94700fb4ef49ece63d7d9573657,731,0,0.1150556660133607
7107bd83eac14325a4052113a71875c1,254,0,0.16199793453734235
042a2b8e9b7e414ab0e09734a399d10b,585,0,0.11648909512147748
c28a0de5792e40559bfc3c765051374f,53,0,0.050751133081682276
54201b9b96994efcbacc0d8ed0b6462e,47,1,-0.08902464936096999
5453345f37534c3a8f263a635640b8a5,566,1,-0.02327534086257066
ea815dad002a4449a90140160232af7a,605,0,0.06506553057244469
e49938773dc9418e9aa3be79303f16dc,710,0,0.022163006065440527
f03e4f0f0da34aad920afc1a7e21397e,755,0,0.02331422162307656
9002263ae49e4697b3a7bfe0d7446063,145,0,0.1286137073954196
69782c4eaa204d178a4cf2bea9461520,237,0,2.0912004399908923e-05
cbcf93cbdbb442df8d65123c53286f8e,765,0,0.11906471932518553
683f5eed1c764e8fb7da91f9eefed520,652,0,0.1120230896305272
ce74258f67534fabac7b3f22db3287b2,63,0,0.1135627084917849
cd9ea8dd0895483bb85f702be03cbdc4,298,0,0.11932874851642944
14b2b17d40bf4740a18aa30e0c1b70df,402,0,0.12293342136225738
fe2da2f8c7a54264b61a7d170e7701f2,325,0,0.1252242228823801
9f37a1f4534e4872a61bee05b8e21040,207,0,0.12493254712800156
5580cd8b711e44e2a9744757a579383e,477,0,0.12211220169582765
38611409b4234fdca30ef3d55559957a,788,0,0.13327586457518337
c83ce37ee2b8468f9a37b95c034a5f44,271,0,0.10839989684179185
5d9c02a7479a4cf4bfe446f80f268dae,335,0,0.10354110552861606
2fb55f46f3234285acafa1f4d3343b29,364,0,0.11607569358722142
013ee7277b1a47d5bdab3ddc5ccbe421,266,0,0.08214572394058411
0f3acceab9ce413d9b8df543cb3764f1,473,0,0.10068385532238128
3aa69b81f1644fcb95843b825a4d57e9,12,0,0.11881948089946914
0b57f93c66a7458f8dbc6119d8264bc7,702,0,0.0964560010518723
3d7b113fe7ad46459799cd668334c875,600,1,-0.029341873466024904
3e4428d9b3384d619145dacf72df085e,202,0,0.12018866470545947
f0c4ee6df1964510b85173a638fe994f,94,0,0.11038837312123378
efdd40e0bb37447fb527e86974ca7c65,172,0,0.12144107104957236
80e60d9f72704c70afa6c76e8acf13bc,508,0,0.1338144910420485
62eb0b230be242829deb7aac9cde26fe,563,0,0.10304730300158438
4f7ca912d6eb4c33b2b4885b2bfe056c,140,0,0.11988017008076324
8427e114c94a4435811c9becc0968f5c,730,0,0.13316482446672046
b3aaec5d0da54eb3b4883b2fe898ddb1,496,0,0.12267242228270853
c222823fce9b4761b5ede27070a6ae27,26,0,0.12292991023651928
51d9f0c3556c470cae10fd8eab34fb09,797,0,0.09384084644930546
289371a34ba948d9a688519805d4e606,163,0,0.12929091749269989
7e1f682c498544e49f0fb85c91d1885b,272,1,-0.0007591249199128125
820342f48b764b6ca4d727d12ab8ebe6,224,0,0.12427961647446156
734d5dae57ff4f6cbf5c00c0f2a31fe8,397,0,0.015554586763497635
999023dd3cd849ed8ec466a3a79b31a3,242,0,0.16650134883241813
cffb6ef5a7464116beb869675fe16abd,720,0,0.18258399097751826
07a5c605a71546eaa557b9ecfc7d25b1,192,1,-0.005905316142291839
eab397da4bb640a6909893ad5eab5dd0,57,0,0.11763764749952327
0d8d64a42cc04f90a3847b3a4629dcb7,489,0,0.115677340215249
6be62ab6d9dd4245bf349fabecb45079,133,0,0.1331769916345661
16a5c2d6eef7473487109036969035f7,331,0,0.103254084097479
f3f16557ef5e4e54b0efedaf296a48cd,145,0,0.12445648386171748
e6ed42da06f54eb295ef173ee85bfde1,74,1,-0.025464802136352938
008e9815700746fcb5fe19241952dab0,447,0,0.09156775658346067
e9885bf9ecde46e696a23c371187b7aa,178,0,0.10677637614994995
72695330027b488cba60881f9a4bf86f,628,0,0.023000335747774436
b317d07bbc4c41c3a79c174e729db58b,181,0,0.09876875208159619
272855e00cf440c4a7defcafdaf93b11,586,0,0.12030999536809678
e8ff8934ceed45eaa74835a5ed0f27d2,581,0,0.11391402082454316
0b12bb01530a4e119f5b01b1b3c863d3,626,0,0.11958156259875014
1d531229bbc3481a8946f98615132dc5,508,0,0.15418885127075632
043fdef449f949f3ad52a0f6d041060c,327,0,0.1323658777534586
b8700c44d762427487fd549864c6dfc0,90,0,0.13561727138530721
246dacd15c2f4456a4ee89fcfc22c2d9,709,0,0.08770231964205305
a50fa2ccb0384bdbb41c944fa986be89,110,0,0.12496739270000973
c00b067d2f0348ac84f2165be252eb6a,423,0,0.11728294435197179
04f84def11c342eba330ceb589160dc3,559,0,0.11701337695458708
4fb21674aa1245ea862d89774c3d43b4,591,0,0.12211662467407003
3c3f8e21ed6c419e88fb83ccf9691d44,166,0,0.0917420822982849
9314307376b64b969bae677de573a980,20,0,0.09498153164195988
fdab6ef622e44b31bb30b73e07160ec2,164,0,0.08739515592899727
733aebb0ec9f4d4c8e87eeaf4ec6fe77,608,0,0.042715868820109804
c94a2dae47bd471a8d3b73d11f0dad04,441,0,0.05181117908213301
5624ab0faf494ceeae6c7af93c87cfdf,54,0,0.10174477446794444
380229d902894d7b8934f41af2ad0a6e,713,0,0.1325571973284944
d4b12cdd55754952b0831b2817527e3a,553,0,0.13159371069210724
2685704cd9364748a1bea4cfbae57746,502,0,0.10516104757832939
2592bde4fcbd4d899034fa162568c092,614,0,0.05576279950102436
753a3f4ccce0478ab6f2b98cf1f76bf5,211,1,-0.007574505829065492
6065337ab7404fedb285337a5f8a4468,407,0,0.13492431349322687
5db6620f4f8144a5a2dfb64e6b337a3e,271,0,0.03941686890184176
9aa9f755d58d4a1d91b6dc069243c331,191,0,0.09664569911892323
93ee06d1871742cc8f4066e5f824fb8b,476,0,0.11036169214116115
2094a854369040c3885f5039e817de79,63,0,0.11320658378239423
4a3ddb860075425f822f35f4b51fbba5,554,0,0.11168969345998175
414ff8bb3c2d484fbd9673f588173a6e,232,0,0.04333262774201674
7682e55e350748e28e77e97d32161fe9,535,0,0.0996583767661865
f4834ccba14b457987bb1575da58e98f,486,0,0.10495354810681984
213fc22a0f8945c6a74534ff260e3a97,80,0,0.10481111898522949
2439febd9e2b4b17b5a3a5e8a4bb8200,514,0,0.09821931611476614
3b516fab40da4ab3a8945dfa1e867457,635,0,0.02101539094446714
afa8adf420b74b0b993aa4c52eaa3645,171,0,0.11883291933404522
7e91250b88d34fe29abe2d3cadf8fad1,43,0,0.10328920967367056
b35c5a44904447eb896ea7716f268b10,206,0,0.10289029188032633
7ed537d1edcc425ba22c741dedcf09d8,327,0,0.12544930031620588
f121e8a9ddd54bf691779565ce6e2fb7,565,0,0.12286365474617073
99de7baf243b418ebdb6cd03f7d8233f,469,1,-0.014349391875236983
00920632e0dd4af5b4d0b9b254a55476,429,0,0.11188112857394361
481ed6414ac8419d953b0e316313c5ba,102,0,0.18119661958286398
64778426538649139a647487d3a4b59d,670,0,0.1119052615908746
6f025a652aea4727bbc9d774dffeb8f0,710,0,0.09031390571142456
c8afc4dae4f14e1b84cb5e4299d817d8,707,0,0.050427499159094
e62de82d05fa45748fdb49b25cbd2ffe,275,0,0.09975536429424076
c69be76d8af145f3a4fe213d9953b7e6,712,0,0.10510471086848605
037c3c611668421fbf8cf897d27abdad,91,0,0.1307042155583606
632259ebb37043c982653a12f3622f0b,382,0,0.025871513961143733
317ba0f4c3a54aa2af17cfc5c319af62,726,0,0.1334760215266806
de04a7f63ec14502bd4bbe016688cbae,536,0,0.10474589433356823
d0aa65bcde314471bd1e2d014ee5a375,205,0,0.12929091749269989
ccb6301a70a14d499ae2a76e15040c2a,51,0,0.12173145298622667
f1013e7eb7f84a90b294b050105759ad,377,0,0.13229686269196933
a30d2eb159de4da78d72a558b8ac4894,126,0,0.11262590858278149
2344096d08b446798fb8b81267c84297,500,0,0.11931886476175602
868d90783336408ab73f2a9e8f857f5f,485,0,0.12881745782318094
15ef32e8624f4d5d9b010e1da24a8559,167,0,0.05163239032670436
938cc5cd1972476c95fc946a61b67d83,92,0,0.013753100133187757
24ec4586adce4b2596b7592d6052fcbb,585,0,0.10294355446454428
548aa03b5baa499f969a3a83d2fce9c2,693,0,0.12619350818990033
8dbf1371dcf94537b594e9f6e4d0da55,525,0,0.001776837220618499
51e439a2e5774773b519ce109cd0a994,485,0,0.15010730362845903
5c175dc0ca074da18e3fbbb8da2447c1,726,0,0.15383539464158663
2045ff281fc34e53908ebd276eec7de1,258,0,0.029400109597316315
b48669c389004bc4b88def96cfdd3e9f,638,0,0.12350335814126445
adf0040b498b43398fcc22be3e297c84,523,0,0.18246002535023859
1e660b3c88e649e6a1a5de3b81b6b536,289,0,0.11635849561555461
f9a9b0392ba440dca3c87a0b684b5f57,344,0,0.1330147457334721
23969565f5194a5fb1d931eeacbca66c,667,0,0.07014805156751097
01e2e8803b4f4e72a175f75f903d5e57,26,0,0.09735995200775044
5b220c4749ba4d09ba680fdff92808cb,397,0,0.07641539227044297
37cd2ed5cfb24fa298e7d7170fbe6ab3,194,0,0.036326601983565965
8f6e4ed2639c409990de6a4a864b5bd1,653,0,0.09662065888244009
f17fedfeb4994de5be18e23b44cf3165,367,0,0.11906569811487122
d696d9cf256b4c0298758d7fe37588f8,673,0,0.10973924473921576
24d36bed0eb747799b0b8879df60e0bc,131,0,0.11324547067881713
c79aa6d0b725483c83c2a4506bfc6305,363,0,0.11560390858364261
3f16bd5ad47a4f5cbffa06d2089f4cb4,120,0,0.09811349555033588
851a5cd55084412a8b4098986b9e9f98,199,0,0.10685342681089699
d12b4d51838649dca7d6123f49501c34,542,1,-0.0053711714659986365
43f7ad2a8f7f4d5c9b552eb5f8793509,797,0,0.18073730773503954
e25fb41648d94ad5a1b12890deff7239,649,0,0.09132762509578518
d40fdf5633e64b978b91205a73a5dbbf,214,0,0.11767978601455625
34e6ca8e4b9b42c9b90b140adbb517ed,162,0,0.16757900844445717
6a35f1eb454941088f3b1d615ead6885,90,0,0.1134563818211678
8a5c46095f804a74a92aa5fa2c64151c,748,0,0.1680510052146421
92028fadd71e4ab3aff2041fdabf6287,18,0,0.10886504430474064
4926c05da459424faa03d75271720d84,254,0,0.14730619959084235
5f91ec3b5eb941e292ab935f2ea3527a,392,0,0.03149480143582323
8ace3f22ffd34117a06113e692e38a38,46,0,0.10106568836316132
debc4572b6554a859110c81238a646d6,532,0,0.1322856242381643
534a5df3fec04bf5813d7a404ab8bc5c,603,0,0.09382322319025321
9df4aa5a69094f669e2a805f37d3e52f,261,0,0.05300442476262285
0aa9c3cc253f42dfab2e539afc317499,706,1,-0.009391477915514646
a6340cfcab0e41af8c4d03698ae026cd,485,0,0.11974799290535748
acd5c03c91c04d29b1a89df807fcebab,717,0,0.12132195597607315
b7773fda1f014672b1f19b9c2696fccc,736,0,0.1151070622133295
69acff7207374876addef3e79526aa35,108,0,0.11199503850142667
2d586a99b2d94df88fdb53209e9cf75f,269,0,0.09886011115687887
a5689d7c2b4547ceba02c1904c3be79c,492,0,0.11153587532099585
3b230a05de0746daae2ffba7fa0f715c,91,0,0.10995270231917925
86b4617034734f8391815bab6b7b8d1d,92,0,0.1434412654655205
3d4342123b874b679466185252f46721,262,0,0.00416586944140096
b160a72d8778487795281ffbfc1f45dd,475,0,0.11649757845525632
69b271440c9745e1bf2c6fab3449fd31,40,0,0.018983770908003628
034e7d2fa863454db810952899997fa7,756,0,0.11009065170049881
0f05b565118945339fc586a2bfab1b43,46,0,0.1612120321311195
1ae29e69220c4c61873678091eec4790,336,0,0.08566398333770264
dc33aec518a242fd90b95a1bf1b0ffc7,636,0,0.11424313260733365
08cc04cc19cc4002a1a06ad7eb4ac4ce,381,0,0.1242711553630585
ebb535ef991b41ad95daf9e696782de4,409,0,0.1281997517121865
40411cfebfeb4ba7bc8b36ab785fd42e,706,0,0.15480314238272824
c42879e0dffe4dc5bbd23e1017488c8d,135,0,0.037743743593210255
4d337db507f3420298faaf598672e5ef,604,0,0.12727866839271035
673c71e1f8f04d7688ae95913052a3bd,700,0,0.10375174973757934
cf55e8c126b544eb8ddae493f96082d5,451,0,0.09926496080367103
91e9e8a997b24d4eb07964cbd6049d96,321,0,0.12440859869922394
83a3e15966894192ae585ff5d8ee8f45,537,0,0.12633892800556557
e29d40c2eee94937abb3dcdf5878c0ea,578,0,0.0714437008466528
1573a45192a3466d877d7ea96bb75ad4,346,0,0.09619352310128287
a2c4027e58624d82b994bb0fbf5e8742,97,0,0.122349632337592
f8855abf22a342c292e2fbbf238ef71e,354,0,0.13461895666198415
e4241f3934b54d29a600829f32cb62c3,11,0,0.10183758439302609
a1548b7737cb41b88a0fe0ad5ab789e0,480,0,0.10521480975739184
dd478f3e51064056afe7fba4edc9b0b5,519,0,0.12238085915483432
5916846a72604f06b0f84b557f015076,240,0,0.1173998477406667
ee3c41d0bfd24ba8a38244ce5fb4c4c1,90,0,0.1422447223077149
e8129014ab9643edb6b4f1ff03702026,413,0,0.08451242381579605
f4eee51b87f14d528df7e93c4b50d62d,467,0,0.1321665866273864
023ad842542b40e2ab82ed4e762357d7,228,1,-0.06552215944453021
2072d241f4e740abb055399910b95e54,733,0,0.12300977804360397
061e3983665546b0b55f878ecdec3b5d,116,0,0.045109856747748145
7b113977513e4eebbcf5f9e587050f34,349,0,0.03310985793334764
64be9aa8bb1148dd8ddfa07b27d63330,534,0,0.023085560290139417
6b3e035beb964858a69643ed4a2187df,143,0,0.12888476389994202
2aaacf696a2c4a40a610f3c49188f518,109,0,0.1234724393729385
fafbb59da3714a818ecad28ddcdbb552,402,0,0.18189260382980932
6f809d4830da434cb01f36b7660a753e,516,0,0.10837164836947771
425ae1f9733a4688be20f56caf5c0b58,543,0,0.09888545865359327
35821109f0a049359d4fe12d0ac6dae9,443,0,0.04625122655843883
9040af6d0cc24f0a9fcb055efddec43f,329,0,0.11904177913271968
ee32802e8f994a9d968ad20d898bddc7,407,0,0.18347995747994805
f88bbf2672e240fa9ab3e4c255e3c5ee,422,0,0.11093565809814754
137a0383eea44ef3858c8a4e73a7e028,306,0,0.10170300920962727
f370fbb743b748ab8584b31dbd6edae0,214,0,0.12251987484547422
9d1aa4e327a64949baf2b3d359140739,727,0,0.09712541679213005
d37ea690de6b4f1abf49c8f71f61a942,555,0,0.12263457295523567
addc18eb6d0440b381cacca94ffdb4b2,779,0,0.08124947694476486
8cf75a2aca03490c8dc6005b2ddbd042,546,0,0.10229834751980893
eaafdf532f754266b1891f9c5d3afa99,54,0,0.16308887320725957
9e8d371da8b944abb0dbb9a9d8e2420b,293,0,0.17665119053948303
c5f12c034e3f45aca939ccdd350011ee,302,0,0.1289976832412419
c9bd89761cbd428cb6e0a6f3df6b301d,367,0,0.037074805574195735
628fbc19d8e8454798022c7e0e00df03,575,0,0.06621894867042127
4324c25943b6437a9b0a571cb1754d52,390,0,0.13008838679803775
fa73190906334d1ca187e31ec2b6d82a,701,0,0.015767670319152938
5edeb182816c4c2d83db0ef5b48cab7e,761,0,0.11165789281293975
dfe68980cddc49cb81514b1986df5730,230,0,0.17998738334731768
0661ae65765649238ccec045d7ab3afb,201,0,0.13203005805098306
231b1ade00d1447bb267c61f47916579,301,0,0.11310505315774272
7ee32f1fda4246b383c80d4a6d40e480,191,0,0.1839443504145284
c0e92eab4bdc4b8483a7e6170be3629c,133,0,0.14856561763442866
6ba0dfbeefb14690a50e72ce5987b71b,158,0,0.12569417008772404
06f5e327552c4ce19af5d1e3ae7bebb5,611,0,0.12753568701644796
021a90b39428416ab2021cf53461acff,630,0,0.18517361145459493
84af251bf8824b3bb017e5fa6607e0e7,563,0,0.18346882759482308
a0e0017ca2d34ba5a3301a3e2e62763e,69,0,0.022912676988154024
4cfb3e4b96ab4f5ca9e56eb2d0eba369,94,0,0.18523918453792537
706ac64c665146588f8276d70a428f5c,369,0,0.14604954791616231
bc816cd182cf48e5a6bf18f4f6d23d12,770,0,0.0029654181490444964
99381d4e37b544618e0c1014021c1886,40,1,-0.04315239216919631
86c9e466e4af46bc93567866d74d1776,553,0,0.17198214489930996
274475f3b9264d8ea15c2bade429a805,788,0,0.18225989378856244
bd85bf464b3a44fa8568f811593fe773,667,0,0.13129383775732367
cd8a5fcc2d5143c1b9c5ef2a5ca120b6,791,0,0.13327443394106314
87b0c127f4c14df3a2468f25c7ed5e2f,67,0,0.09994481455136611
db4b9aa33f824584a9398932368e23b4,701,0,0.1352846251340809
8fbe9c4e2e5b4d12a36497c81e136384,759,0,0.1312039095976782
9d7c52f8c760417ea88139435f5b8f51,73,0,0.12525312870110028
e907e88c31e94d2ca803744ba597a5ae,414,0,0.027056380799162838
9577746c0ae7473c907dc087ca7ac9dc,547,0,0.12035547445426209
cbdbcb209b2a49d5a16565fe133b4a8a,774,1,-0.008010108121493609
733c949fd6884711856a1412d63fef6c,514,0,0.18445207322319218
8df4f1e9f1f04a6cb66da1aec0de48fb,783,0,0.1272908119662547
16e269e2defe434fba281882c2b114c3,764,0,0.03488354137792771
ce5d9371cac44f9494994d2be98e9430,649,0,0.1656795924207215
498fb98848514f4d8e5cf010ec9f56a3,566,0,0.1774981458380871
eabb28af542f4e2dae174d690c2196fa,610,0,0.04292679194187726
aa6fa2e677814614b9563115b97cfb32,661,0,0.11557034698752772
66e4f55310a5477196be8145177e1f37,226,0,0.11104663930701064
6a503ab3116d4951b8f73df07825785e,185,0,0.11157674171942955
51a4dea709094fd799bb4297041a847d,769,0,0.07916141196636473
1513078c2f254974993c92ede53a36f5,297,0,0.11309221699937588
eccf44db7d4b40498f009d859dcaa997,202,0,0.15776368362667648
3f4151c38fec4b08bc461c41b4f63973,634,0,0.10837564389992821
176ee34a3cc9496a84a300c62c69dcee,497,0,0.13096262993533186
6391f8c8912d430aa18322dd743dfc4a,313,0,0.1252409078272031
d0842eb9fefc41bc97fcf6bb6085dc23,580,1,-0.018593213485818993
7ac45475c83e443786cd5a1dbd684bf3,320,0,0.03911596531172218
ea03430586304522a0403d4fbc29489e,491,0,0.000913320298023601
25f3e357607f449a8a74b8e1af34bbd9,751,1,-0.016549355696983903
3fbbd1def7e74424975ba2497061e162,31,0,0.15992666760480712
7e13eb37c3494275a38c287ad5aa2682,37,0,0.11286719310824467
4f78de9b94754aefbecfc1ad184373d2,790,0,0.1203534555770544
72bcfa05cd0a4ebd912cb2c059b3f1f9,475,0,0.18937872209567125
92a8dee632ef4a989578f5d66a4f75f7,628,0,0.1838219186813828
9bb0593db0a847ec8184c84a8a025e1c,579,0,0.10338253619679633
4f2f910e9cc346949822265230396805,749,1,-0.0745895654590123
4c343863b538446ebeba6cfe5ad382f6,64,0,0.14943611683991181
df39fdc3767b4b6f83e290553a56430d,369,0,0.12235351395392241
02deca17d4834c13959a2d2a4a29b3e0,664,0,0.09859159056789296
54c578ac6e1e41ceb35fcbc10bbc619f,557,0,0.12105743354177917
3ceac40602cd4053908208789e6f4db6,387,0,0.009546136676160444
af104021b1b54b23b7947f2ddc1d4d93,385,0,0.12036334880271232
444e234cedae472d9f8ca943b604bc11,78,0,0.13251595424020546
fb4b6ccf252b4b73b929023cc839701c,153,0,0.1830242460757382
3b306da9c1384236b27b1c819635290b,235,0,0.11185932149368394
8c87e9c961944beaada516d4ff189413,493,0,0.11868930653097065
5a697435d9d547de9b4270b144061b70,165,0,0.11103852405995879
4d2df85920bb42cf90497fa90ce558bc,44,0,0.0926478311397424
5e27cab848404a5aa14e1b180beef958,644,0,0.10005583564252424
647d3a3888b248af899fc874d5b14689,57,0,0.18926445936716457
190cfc6261cc4b22ad997427fefedf9f,613,1,-0.010554123119514536
5c0bcbfe928b4d99b89db79c4e2990ac,290,0,0.18649210752112405
9c96ed83eab04bfc82932d55e4e167c6,493,0,0.1435642197672139
4b6305b7f3b5475eb3eb339ed9ec3872,604,0,0.18346508768162229
e7568a63de4c432d9fd9df6fd1995800,16,0,0.027373356293041606
ca417f6a443e40278adcc26bda2641fa,153,0,0.1696463104162524
cd0dbc49afb14844b4169614b978d7cc,614,0,0.05823823133988898
eb0150d7bef04cb28488b47cf4a3cdcd,133,1,-0.003462499002790831
5e6132b5c69446719dcb3c23cd917b03,534,0,0.18088671787543514
f7fe29ddf55d42b0a90fda96d1124137,759,0,0.12326907972241641
0973cea8c0494f1484062c1d3be5a8ae,260,0,0.11908984925948884
8fe05221367e4ca9a4817b4def1288c1,85,0,0.12919062223929417
498bb856c6e74db3afc91249e21eefe6,418,0,0.1603082957060099
789ca0168c6449a198b0a9723e68865c,535,0,0.05099113281984513
1bae62709cce4cf0a34a2ee8a3bd7daf,323,0,0.05863891211485478
3ab7a4a7d90e4a5fa0ec638f3c45af9b,667,0,0.09695666535273184
13acaeafcf4f4df7a0dfc79a7e758eb5,578,0,0.11626185605199446
9485751f335142c2bf0e82ca8cd4d866,208,0,0.12028577649434807
c0172db3506e405f9be025ecb3962408,183,0,0.04388575600583905
51bac67521ac4280b143e2d0dd08e222,259,0,0.11945730422710904
2c3bfb441f5c40f4ae0b1285320a3680,753,0,0.11758602437049542
94b5a3d80ce949f69c684a43e26a0636,121,0,0.12751622753688857
80da18c57d7845d6b89f7a8c3d26c450,346,0,0.16844506795182218
d753bdf065564902beea359abdf88e88,164,0,0.07454209861185401
e4adee47e8dd480188505e0605ee0c1f,614,0,0.02577151224383334
93542917360a4c8dba255e7a2b640220,81,0,0.10204086046508387
610a277b90334f22b30a6420eef9be37,410,0,0.13085273255929408
428a137f763141009e3e994c1ee6fd39,728,0,0.014076280149540432
4946a423ca1c4376bbd0ef3b72049644,449,0,0.1272555181533564
e2f6bf30c3c143e7a1453f0d1d6c1a25,530,0,0.10928299943948871
2e291f37588c43a7a136906358c13d26,528,0,0.12236918691603738
cae6f0c0ff364b01ab84d7ca257d7ca7,690,0,0.13177873717268757
2391eba2b8d5499f930d5c145664d806,0,0,0.10176223399950046
bd2a025270634a838f75aef5e75f8df8,409,0,0.18089106741191324
913aca3b87da447f9204371083fc12b8,15,0,0.1146174965747076
644915c8b7274f9a82023b74d8ca4f27,355,0,0.09430683080739122
9af9e100856445d08e59745d7faad617,413,0,0.09297746576428573
9f37e927567c48a5a97a3e9fa3b181f1,119,0,0.10763816393803938
8cd972eb80c24c6eba005dfff1a19477,550,0,0.12410761528667896
90af878a08964d0bb6a4b74fd1be5b16,386,0,0.13316482446672046
500d459d33d4466ca11d62b0808c572c,600,0,0.1708509965558372
cb43caeb7f814b1dbcc53484a1c9032a,391,0,0.11696458853140618
d900ef6712944721881995d8e14cf247,718,0,0.1851071086002654
8d136f7eaef543b4a7843c883c59938c,548,0,0.13167908464379668
506c4d66fcad42d5b29e17eea147388e,254,0,0.18084436592036085
fb6690fe41f94422b64b9ab728d9bb43,350,0,0.115443104998672
d48aeca1abfe498a9526a22cedcde00b,321,0,0.18178942562930012
6ea62cbd10594396bce02f52be69a95f,699,0,0.1200648582349707
1e1fe092918e43f7a14e17b93c229f26,753,0,0.15068085323671365
368f6c0166be40ce814ce240454f3c84,255,0,0.11887364215253282
489cc73ea45c4e48be73f1efa9bdb78b,80,0,0.18859138919255541
f0512f1052134f3abc1e0a720f496bb6,554,0,0.18257898085812468
bf0cf0df25864581b2a557000718bcb3,504,0,0.09508364824981425
fb022e16b9e942b092251384a795937b,489,0,0.18447511706079983
56ab30359cc849f6894a0267ecb22ff8,702,0,0.06732615782566892
dcb144a5479c4f59adff6572746c2e1e,323,0,0.1007668313879923
0488a252548047b8b9864d336c5f05dc,103,0,0.11914809366547247
cc71e937353c463c8c73d76af6add21e,627,0,0.12156085965274555
a915e9f9340342fabdbb1b52e98aaff7,215,0,0.12741890563345692
41617264250a413d9eae161cf9f4c4d6,373,0,0.1087309624707109
838c45c5ec4d4bc2a3858f800ea1e172,585,0,0.1783967683866025
0621c3be97784cafafde6ef239fdaf19,276,0,0.12278029336645097
a8fd41e89680491d9693f96cee110097,149,0,0.17495044473906485
e421efe73ade4c99aeff7da5ee9a18b4,546,0,0.17889833073905265
73c913c455c144719efa0136339d00ac,581,0,0.18757180933490103
7af65de5e8a44c468fa09ce61efb4515,220,0,0.05625919171163296
09c1b37989504b7dbfe6a7ce430f5a57,573,0,0.11501392268487537
e3bb2170454d4ce08c43d30b36d4e737,352,0,0.12782512641247673
4c3efbd1c4564b04b2e3ebe8de775d8b,695,0,0.11805983335711084
1facc92c5ae147779a5ef5b96cc26865,665,0,0.16983165130021127
316d3f988f3449f6aaec00f56483a546,363,0,0.17585190705249815
edda08c1b36e42d39630a5f600afcd43,80,0,0.1649904646130705
be578cbf7e1d4bc9aace17b40939da8b,171,0,0.18475464412153592
66dc09dc6893430c89605201a12f7161,414,0,0.16366835516728895
4f8ff63c17444c439f5e678c74335877,321,0,0.15896467672069442
c9073d94547c43b99818b35e582bc5f8,660,0,9.404169730131695e-05
f68e37d76b0b4cf0ab51cc4370fa8784,601,0,0.09770030963664245
d64cab8086bf4faf8af5aac80efe8a96,171,0,0.12603475757896265
a4cdef63e6bd4503a9dc3e6f524a3464,97,0,0.18642357210471105
4281a50181f54ca6913ff9aa42c16daa,789,0,0.1152577584430513
b89e2239b87145958bc14b7f47975fce,268,0,0.11143740825346127
17da489991324de8839fb6fa3f90c8f7,399,0,0.09884312278561502
27baeddeb5a440eba36f7624733cae42,453,0,0.10273630479733481
4c1dff7395fd43c591e8c9a1e67fc052,333,0,0.12016768875059242
48992cd724d44749a148d947692a6ba6,278,0,0.13286264025836542
3cbc6eac00d94c5f884f06c4a261b98c,714,0,0.12236645872989849
24d24e8d7f234381b4e8bdc78135bbe7,467,0,0.18599732417758585
4a3ba2d984fa4c9f9b896291a84c4613,546,0,0.1354695534448721
99a8e8111a864b76bd3c230d1a723336,91,0,0.17734060209680447
dc55e907b499443eb5eeaa1971fe6ab2,306,0,0.17211047150882552
e925309ac6e04167b3cb4ea2e8a4883d,236,0,0.10133400666014403
8b7aee4daf564bf7b95abf06dbe9cbee,574,0,0.13176367212672413
e48b3e9c342c4268bc781f6e782d1c30,732,0,0.12967964512213992
7c319c32141748a49286733fbc85b276,387,0,0.06738953715928764
486a3915e78d46c6b2472a89f11efa09,529,0,0.10509284339613878
088766482e4b4689a97605dba7343961,710,0,0.18260841613816342
c4a1ef1b385840a78395389b42ac4bfb,275,0,0.17748923965429958
eb48ca00c2604a4ebd412a654a4d464a,113,0,0.0103360749565784
bdaf0a951d4849be93958d9a69bab6c7,717,0,0.18763629223952122
a1cba962cf2e4f1181ca37a4143eb7fd,104,0,0.11906937728104255
2e43572e93194f66aea2574ab56d53eb,350,0,0.11357741780361996
e3041d2d8483404dada696cdf7055923,32,0,0.10246044452294273
a2e5e207332b4815961c698261028928,272,0,0.1569830180104803
f93eecefd3844c8b92b05bae1860a5e4,196,0,0.1170552982124895
ac8545b31a614d2187e47cd7ebfebe0e,12,0,0.18198062546502142
42f1aeed217d40bd909b50590ca5237f,755,1,-0.10942037704548324
fe87fcaeb3ce4bd3bb80e1bad245371c,398,0,0.11342743377216902
19e89867559a4d61909334ff7c6bd1dc,125,0,0.052608684651701876
501a88b07ab84e72a1b77e3cf441aae6,369,0,0.0686399318994888
15493fb2e14a46058695a37de0d6893e,282,0,0.08032030714956445
256e564ca1784ba18bdf1879930c4639,43,0,0.1796772038549272
97a7201b2c5a4dee88901eb6224220d0,789,0,0.14114252584835446
f5cdc3f0eb40440bac79acee3e4aca30,633,0,0.09885637695445715
9dbf62ba816e4b809da21d694d22833e,61,0,0.13275136163108192
3aca861664d5402785db3345b5c9690e,571,0,0.07531283316999554
32ab5397d92d485ca87ca63c2ab238ec,197,0,0.12235036587523646
bc6fb76ca05b4725beab14745173cf41,137,0,0.10416975720855909
7314ce9b716541609fd81b2e00e33752,556,0,0.09565650418305144
c79a1f4165d548f6b760215126e3972d,70,0,0.11299640423438362
c11ef3126d6d4c7eb49568bc518f9d6e,269,0,0.16241110786591445
789be03e60464986b12f534c1e071ac8,518,0,0.12845815295005397
5441692af9b04f78b889979da15cb51f,19,1,-0.01270323759047609
6fbd3d1f489d4fceb63098b01b3a2240,738,0,0.15476572130294675
03083f92cdeb4588af4fe2527d397282,44,0,0.17584513449802336
802a00adc6294b73a283c156488d4f68,109,0,0.16070817427340656
d9e2401e1e724412b7ee94be46603681,397,0,0.1492311588427716
065f63c322534b1ba8c5f73a37916ae0,620,0,0.1120100051702636
7916695595884536bdeeead31189be0d,213,0,0.13465293177936344
e69a5733eb3942bc8233b244f9b4f0ae,81,0,0.18325536556960387
3f0254b70c164aba8f7a0b67aba28218,425,0,0.0875481401027286
5f34d09c91f74bc9a77a37bf138623ed,72,0,0.11311909493771344
5d039d09b346457d93b61bce950c309c,394,0,0.11364364029005819
219bdb176abb4e37814940c02748f903,254,0,0.10805575082479146
4ffb1a8bbff740b790a6481d5f93df0b,764,0,0.1818316770235303
2702a38062114cfeb23ec7bc54c2d7f6,184,0,0.1311355032443703
b9018590bfdd4a34bb6ef62caf054e84,673,0,0.17103817549974132
4471be0cfe30481990eefb0d3116fbe1,322,0,0.026024301601087207
c92636dcbdbe48aa8d87b54041f64509,743,0,0.13399469775250067
6fb646955b0a476fa31ec87eab76878a,558,0,0.12166819782890148
7b282649450b4d3bb479314b08074a61,743,0,0.1558973222250878
108ec76e4c0b4b008099b283b553c130,138,0,0.08854913263763953
16e7c590e790438e8b667335e3b566e1,219,0,0.013737675321069398
01d2bcba15d34514b88ce85c26b71561,706,0,0.17863666524176486
2c4c1b74226845a1bdfaf1d1a3f07339,585,0,0.07402350152444354
a4f7d00d9ffb436aadfcc2f17ba2d8c8,271,0,0.18708785500505942
65364131d3c54317b1c4ac76fdaba67d,332,0,0.12015178940483984
fbeca9b90cb441508464f1f67667db2a,706,0,0.13988532797417302
53defba75e36437386559207b2dd1dd9,748,0,0.13091852545674354
38af96b8f21442c6882288180ec395ad,789,0,0.12250722110110146
7491fc5c60c344148131c82c78e537a7,788,0,0.1835628436867705
950afd022da847d19d440c29d72cb8d0,391,0,0.18223588909344718
cffe3e3534d04158a0804d195d3495e0,153,0,0.15651778898168967
24ad1490575d495cb6e10ccde1fbc275,749,0,0.17539382465318842
01a6dc502bd54e8fa31e0f7c4ab246dc,92,0,0.1699001333235654
b3282f0a3fca40dea72ab6815a506d1b,135,0,0.1202973876753719
ff047e717fe849dcbc155dc5806085b8,780,0,0.12107856182901633
861701dbe78546f7a2f8fe1029dc206b,404,0,0.039230741191418006
2c57bdbc489a49e0b52511850f8d9cce,536,0,0.1854027067588893
a6ac3770c86d4fd68ab9e4270f83bac4,331,0,0.04654421842787809
4d738e4459ed4a99a033dca1e60280b1,356,0,0.1863581910324797
487dbedf5b6044f99bbf8bf87729d286,788,0,0.08334931862532108
95082f3ee5a94c3bb4e82fa96e6ccc69,149,0,0.10762424885595212
a86b53f6ffc14bac9bb5ef7d833be18d,635,0,0.16952114385335892
ef032741822c4facb62c7d53141eda78,113,1,-0.05206340479169036
3528bd5819f74eb2b50a72c8a3f2b119,216,0,0.13195873413101167
e52f433a49a24038a48f0a60f8f04706,711,0,0.12182823263602421
d7bf62bf825342f2a426d5cb128b2e1e,44,0,0.10990686127166188
7e51bc4bc89440a68542cd9faa13c562,713,0,0.1867539855783435
2f27f4ca2c5e4b86be19d751a8e9c1b7,299,0,0.11338455279462217
cf14c56fd26649008f4955041bb420b4,726,0,0.07199672866263357
c3af7cc2d9d6443390b9fc57192600cd,574,0,0.05623604661317544
4f3d480870b94204ae921fe722368dc8,341,0,0.02983676615304348
3c51955862d447f0b8e54e4010520ecf,700,0,0.17929133874496528
0093ced1aed34464bbf1ca4984f2a062,63,0,0.12851737612186898
0f53809cc72943e39209b74e8a6aa06a,140,0,0.18707588118887175
bbb5c024edc14b53b6e180c9fd98af7f,627,0,0.18304626273751867
7e552b00094b42e0945fa6f8df887d31,586,0,0.1739264692996701
35648cef95b1437aa18887bd99822e3e,555,0,0.18730332495042606
648ea8f88ebb4038a792869951ecf37c,207,0,0.18640403526537502
5dfbe46d6de14727a7e3547be7e3ad45,536,0,0.11771700494356047
7091f5b01d5543e9892ed07ae0ffe8f4,578,0,0.1763051656427373
92fae670e31345e4b8dc980bbd799729,736,0,0.17301047494865224
351f2e1f851349b79f2673ff50f67690,453,0,0.07070507872603965
a023f7e305fd42aeb73add2726d736da,192,0,0.16043226702057467
7d1d34bace8f4987bac5a92c156cfad3,367,0,0.16964314306334427
14a60d92802d4890b0809e131367e774,729,0,0.13073191076000718
da78946505074b82b04d0b9285f122d9,418,0,0.11395706391564164
a30b46bc3f264e39a33b1efea78d9360,422,0,0.18503413975858835
5120ccc30a034f1aad537d764b1e832f,181,0,0.16887955344439215
3295482679e14185a997e2854f0ad3c6,332,0,0.07970935271788976
04fe172675584be5949c0bb25bcbc93f,752,0,0.03218315889187007
2882d9dc45664c68a3d10319eb224510,760,0,0.12217841790176576
858175cbda174721b219cd53d4f0c056,43,0,0.10424491364613997
9a9829b550ae4aca8547752aa0212a63,752,0,0.14658752697433708
9607daee5fc742b0a377fd9794d0f83d,301,0,0.18084821038920262
2a32618000bd4ad28f2f36006060bd5a,661,0,0.1776881603918692
ce88b6fe0149497a9c72f8b922d8208b,712,0,0.18654655264570252
02a6bcf434bd4028a75979a491ebe531,206,0,0.18178868856896824
5277789cd09e4c9f9534fb1b62a30601,664,0,0.17536641053741664
035e96dcc52f4a9a876b9811f7a144eb,116,0,0.18242237823418173
da1847694af54e7e9e5174a2b20fbea8,393,0,0.14023214560019753
e09d5ed86d2546e4aa4c1b48c9efa148,387,0,0.05232903738847161
26713b6657fa4e3496214cd853c53aee,729,0,0.1597366548723253
e09fc1faeb5b4eae9103f028a5b8ef45,641,0,0.07826627064348785
d680e2744d034765a70d22797d08d8cb,207,0,0.11462983254423215
d58768d36e294997aed30d8b8ed215ec,510,0,0.0433560086252035
ecd1916d9082402abd7e24d948578771,505,0,0.10551293837002934
6ae9c4c0e82240579eb20c47b689d1e9,464,0,0.18052307566044867
bc2ff9bb62644a3e94029bb9d1f7d6bf,560,0,0.13590218673885412
1d247257a6194f9fa4948f61af5a31ab,212,0,0.12245166629399284
7bc9415a198c4ca3b6d1aeecb47836c7,668,0,0.10246992964678703
cd71d00496784b0fb7a1d6a4c2460f38,165,0,0.16435684073506213
3d4b110c8d7e4702920465b485dc3470,124,0,0.12055266556384703
6c4b774e04b44d088f9cdfba46567ee3,539,0,0.13144555694802335
e7b7bc65a1244b18885b8fcf76854aec,214,0,0.05091276855764815
540f36d8f0524b72a71b1653b4da924e,495,0,0.12501398985420203
3c6d5625500449a9a9a13dad45bbe80d,324,0,0.12837799441518982
af3575375c9b4b8cab959a23eb2ba2e1,362,0,0.12357588525851548
5de681db486f466cbfbf1d22c4d93c0c,746,0,0.12728269911745244
6fb93ff735f44dc7811fb1c4721bd6c2,184,1,-0.015739219723915565
ca77b3781f9b4392b31d3a5bf68ce5e5,755,1,-0.10069217700577704
7c76b9fea61b4f54b0d9ec01d2c0d3d7,573,0,0.15332193676493217
50cbf49c57de45f79006f61b9df630c2,288,0,0.1257491274241606
0839aab12d524f9490edacfa764f4f1f,702,0,0.17605432634087292
773f2a1c1d8f4a5497e2cb82d0ed1bf4,346,0,0.06745329593898075
2a7950ed81264d6e9872ab7eec5bb7d2,139,0,0.03118582192808661
654a354af26b42f6aa7a92641767c9ce,760,0,0.013832030122078343
fd0f23dbbe8e49ae8d5ddd8ce4ee51e0,548,0,0.17985319662569776
cd2a6e11b3fd4835bdd55773a67b5f0f,641,0,0.145748329698609
6591e971a604440f9073e78701740405,191,0,0.1531410125399431
a933bc0e77be4f719254d89f66e90a00,32,0,0.1832957790053097
f5eed8151bdb49208e7b3df99bb2dd1a,462,0,0.1867319027739644
67e33053182e42738b281f2b0b5f3e16,179,1,-0.06324865589986839
1fa6e40ec20c49449c2748e2b9e21ec8,206,0,0.15538720342050405
f94cff61768a473cae947fde4159b2f9,536,0,0.11032344483951517
ef2d88b470c64ab3bdcde6896cf7b396,528,0,0.17683866196240206
4e0fa4967b1e4cdf89c4af173d59bb27,674,0,0.11671804847319062
ea99f86c173a4844af11691a1f415391,197,0,0.18094323187816258
52ac1d73a11a4ad8a24d5c6033b586cb,120,0,0.1833127820533746
ace5d84e33274fdd86efe23d487d8cd3,555,0,0.10915470342654321
48ca7b5ba63b40899d218b9fcd89b8b3,290,0,0.1416624088130498
7dddca824563420fbcefcae3406903af,346,0,0.16259685619598868
43d90f6475554d3098463650be258a30,401,0,0.12557134768934802
02e6140f6f924644a442188086f2031c,606,0,0.10498382849808402
15527bff9dd449d1a2999e4ed4ae69a4,99,0,0.13240343723939524
5868fd61fe9941f2b63fcc7af1cc16f7,727,0,0.18247900512249982
f3a4ff3b7a4241e6bf7184a4c61e5999,66,0,0.11648909512147748
fb55b68dec0b4cb6b35c614968f374f5,472,0,0.12537922979429328
23df891873fa45ce92b516643c214ed0,618,0,0.11397435079291562
e538d56c703c4002b1a554c616b895d3,415,0,0.10462315890984014
08141db72d304b5ba9f3065fdecec435,665,0,0.17215436012310203
93ef008522a64a9aa32db644769897af,423,0,0.17915480689528757
453538f36f3043a0beed5e46f57bf4cf,67,0,0.06904625663557412
fd9d3d51f70a4f4fb96b6182fd3a726c,350,0,0.1738942335937524
7e5aa84fefa24a0f8b9a42495cd29c44,498,0,0.11686842383038448
31f8e2d91b0b4a268f4f234cf8726f59,415,0,0.14566542272721844
ffe68cc924fb46768eda0979c38cd17e,388,0,0.12688253155248597
d31725fcab45459d9654f0aeafad04cc,62,0,0.11350924119219563
00b9905bee004bfe9b4fc16a56fa2ba7,594,0,0.10783090789567684
af59aee347c24272a95ea75d7cb57543,399,0,0.09002940124509307
128b465425344c629fd2e05e377cbd57,324,0,0.1153894152832673
cf4435d41eb449fbb7a38871725cab5a,352,0,0.07446551008809499
1047dc2a35474803a59d8cd6fcbf720d,130,0,0.021708626805663322
5d00efa0590a42cc9b848726c3c1f511,720,0,0.16299332249748738
669de4b67a1a4f7790b1dd9a6ca07087,31,0,0.1527850272028456
a1c4108289e34213b11149b1e056240a,391,0,0.11767557594375078
5da3da5391cc479194ef442d6737d1d5,486,0,0.16925103963552357
47ae7312a19f40e08b7f88c445e4785c,427,0,0.11086240697675603
328758e1e9624ec19c5af2263a391a9b,137,0,0.1767538529480882
382dcfed57c845bd9dee450baebe01be,447,0,0.11238948035008645
12f90e2fbc554d9ba7efe4d96bb9f918,466,0,0.13255996355612648
d0657a9f8b04428db4d1e6f1c02483f8,638,0,0.16998704385717295
7f5030888fa2440baa3e65b03e850cae,363,0,0.18398436558908704
139deb5943844945a092989e942e08b6,510,0,0.13172833763816488
9adc601c243746db83802c9c6c608fcf,420,0,0.06970611377385416
e9c8a330f436438893ecc8aac20b6098,38,0,0.1191511722173062
8c21b577dce7415d8d82bb1ff4fa053c,115,0,0.17317064186175646
84c8d3e2ebb54c45bc5b457a6b3e7dff,627,0,0.10130583081704364
0084579aa18a442898e96e5201dad01a,480,0,0.049334690486419974
8a9619be275a4cada5b91e5aa18db91d,301,0,0.02347660426861331
777f249b14764648a80cc97e0c5d0bc4,173,0,0.10306152001289076
90b7d3499a9b4dca9952aa3283143c15,755,0,0.015191836624438348
cdd3862aaa9849d0a2ceac43bbd56789,517,0,0.10796620840782684
138c6133e99f4801981341c2461ae004,258,0,0.1772992591834846
307452d39bb64abc901f78f97be55a5e,759,0,0.1693466425818047
43c6369a0c3c4d80b960d98292229161,154,0,0.13329522461704568
b7fc4e5358e24c518fc0b989d4a5df10,179,1,-0.08763226010228453
de0a29c0b470449d85c04bf13c8c04d7,86,0,0.10100223422455162
4875b01c680e4342ad54b9b68ab84e88,507,0,0.003823413544115084
aae50fa5891342b8a0d0a3a1d4e5f51f,475,0,0.18898105827066142
7ce0efbf922e435dba1d29ce7e453b61,770,0,0.07792937647690412
631e2d11d00549b9853eb2400d8265d6,485,0,0.13047793062521212
2dce339924f245a793d444f47358df79,542,0,0.167322960656404
047999aef0bb44c99aae33a4489b806c,362,0,0.12781547643538405
b651383e5c18487bb9404d8478128648,670,0,0.1659728819606326
e1e93724e3014b8e9107373778c8c770,247,0,0.11710801678973204
bd160627dead45c89f7e7a2af9a625cc,345,0,0.13466056057502873
2f042f3fe303477cbec468b0ef4f114a,320,0,0.17170049633973372
b550c34a139143b6be86533ddeead6b6,100,0,0.11945221122980704
d1a39dad80134862ae36862b79a83fa9,359,0,0.10940693189539036
5c5c498be3d84f878fc6310045173854,34,0,0.11095523723307521
a617ffe65842405a85587b0cf2845eb7,608,0,0.13137714098254977
055024b0a5ba4ac18418df7cfe8e568d,124,0,0.02132364184237956
b5721515ee2c41789b160d774e43cc8d,672,0,0.10902513070975334
9066ca2707cd40f18a39a186112cb196,189,0,0.10593975170854986
c14ccf5f843b431cae6c2599e1652046,301,0,0.15096088256141044
9a8b20de1e0444f090246821113b8dbb,658,0,0.10208330588054931
7e87590b5af34f30990507217a1657d1,105,0,0.18371258309257726
c35c22d732024c98aada641f44df86c9,795,0,0.08175304146041923
19c8b83003644cc284fc141ef39c7aa2,272,0,0.05512160151484169
50c0f2413bf9493eb1800b9a3b05dfde,745,0,0.12447409720459507
fba1f4039bde4fcc96ec3631e760a406,553,0,0.07136013427131871
51c8d3a72db642cd8834d19e71ad88ba,580,0,0.18248325306327762
f4cf6637eaa44cf4a355010751720873,374,0,0.06761581737048461
ab5e5a4971944db69f5a0416c3ef8056,82,0,0.09298158850868682
efe86d9eb7564cc88ba53e3a46e8d038,207,0,0.15035307649065216
56c45ff1dab04f2697ee666885a431a3,306,0,0.1733841781172355
9152ae48b25c4a969c55cb51fb55f36c,86,0,0.13638821174498467
4c083c7b7ca747ae84b008ce035a6937,197,0,0.12408394988609855
9e2af87561704715bf3ca7bbd11c19ec,553,0,0.07161871296884881
f91c0778474842159906658111552ee6,16,0,0.18285921665154287
b4c261e6af854388adf3da78ea0bf52b,415,0,0.10451554669144147
9b574480c958449a9cb0cbd022c37910,37,0,0.17446398080561676
c5deeebcd659424881bcf615d382ceca,633,0,0.16613461886476394
2f8b9afbd7ba4246be63e965746c39b5,51,0,0.18379902031006273
39bf35730f8b4ca789378d38c707af85,605,0,0.12283299595546587
f2fe3be0ab5b46888c533cfbc52da078,630,0,0.16877332669978362
5d123858ab984b48a549a58d6b0d074a,589,0,0.10768773711408536
b9bd01caac1b47f994d48977bc2e0757,218,0,0.17810344200918365
6ee1b4b7ecef4cc880307974d93d2471,280,0,0.03159170787545662
a8e38e5920364e599691d1d4c5e67713,566,0,0.02887328130198319
d193f6d3ea40428bbf6827ea19c4ea4c,136,0,0.10264275334575318
46aa9f3507aa427f96afbd947187af7b,385,0,0.030792061732140996
8d9a518bd7314930964fd9c71941c635,183,0,0.18576909569829975
3bfe3f0308904a52998d622530a068dc,290,0,0.10285952898384942
ea3298080e2040dfa3cf8755c811be65,655,0,0.12147093626612188
44cb38c8d07c4981bce7270be996bf84,178,0,0.18537918106575368
05465d25d82e4361914d78283d3e0bee,626,0,0.1760444306059768
fb22961b7b984bd88c496f74606a2eda,356,0,0.14826900597885045
ae706e117b7d424ea751e8f22554a4bb,97,0,0.15936384401420806
13cb1836b2a14ca7917a813a40d2a475,485,0,0.11975873864523967
0975452a15a04f328a3798d82aeb9db6,660,0,0.18965789123343024
685aeb3b8dd9448b835abc78f9ac80e5,758,0,0.17832576789511112
84a9309d559c44bdb1eb6bb5841157c9,527,0,0.012209540363675497
b9f11c241da6433c8cd0d00af14fe9ca,606,0,0.1790194135238926
c4d5e6a41b0d46f28ca655afdeb8252a,333,0,0.18840265558659003
fbb1a3299fd748608a39ab12fddc2262,242,0,0.17804812773192952
60a4a75bc2de431b8048cb0097241f26,148,0,0.10986953530721633
95772469398544eea54e437f53517a26,182,0,0.12973099902498697
ac7395fbd857416a8378451c0156dbb3,737,0,0.03915578620170829
9e33c8e5c20c4f909841f4d0e5639b42,476,0,0.1763966022505144
bae2387a11bb40f19cb2dbd377e19f66,302,0,0.09584026802033707
7f7b17c2ad4c4205bb8b9fdccfd92f87,421,0,0.06732792556930811
cf6444d83ccd403f87a63ca870e5846a,605,0,0.020630230982452757
d78ad6bed2214cd18747b4474096b95a,252,0,0.08637976637861094
352a9031817347bbad8fdcba6eee3ece,227,0,0.0805589832139107
65a1b2192c9a4a1eaf1a737735c6b6c6,713,0,0.01958182131603947
dd32683c0882471ca62e603711e771b0,749,0,0.18576740863727054
94e2210117b9411783cb76e541caae17,244,0,0.17356210135118494
f78cbb33579440a8b663b5c740eec112,312,0,0.15903010406080514
5b82d0dc23324b9da6fd3fb8fc70b855,189,0,0.1074906928070215
cb2abe760cb64705b89aad4485af10e6,1,0,0.11112390122583737
5c5cc7926477421783167cfc1d04f04b,707,0,0.15733191054871415
0f89e2bde50040ab80eadb4a5bb76cdd,276,0,0.17609864746591392
7e544fba98c8442c8c78523e3ff5243c,690,0,0.17329618542251413
3794ba5f552a4aa2b63a61852f8b330c,476,0,0.11732215011093727
cbd43bf3c01f4b47bfcb512f2ed46e35,141,0,0.11331615215237634
b65069ced1dc49f6b82369f99d8e26ce,664,0,0.1819897990199783
5f203a3290a743bf9c9e6e6c5c8fbbb4,230,0,0.18196182202139177
32dd83cf6da24fc9b2996e1e4e415bf9,55,0,0.18088407324504308
45a9f5b0a9234b52b6be81a53983cb6f,125,0,0.11119257628231854
301b5800ccb44111bf4f7aa5ebc596e0,689,0,0.12349065722121794
c6ea30eb788f4433bb6bce58360c82fe,67,0,0.13048460064485823
f0f2840a244842f8a8416a387471254f,183,0,0.08006475915401595
295e5c95ccc54d418616a949e66c1d5a,713,0,0.04171595739038775
a2abaad1d051464eb882a33d2b351fbe,300,1,-0.03250886428445798
a80a5ab628364b498e11b532262e64c5,355,0,0.18052394190916315
cbb147944dd14dfc89407180bd3488b2,22,0,0.11222024130353997
9bd8b6398f7947609a90b1243b2c5f16,607,0,0.11432584437893584
a83c2e752eb1440d93b9e293491b834c,468,0,0.17462648015314236
bc172983874541e6988a21e26521767f,466,0,0.17121804336895158
35fffca036344808a45e09e05d3acb9e,682,0,0.1884891864522505
f7395798b2f944acae5d4cf530dfc18c,324,0,0.13184350425079938
3a8fc1ef5f8b471b995047cfe69924b5,575,0,0.17406141937415764
8d96d3e7d6be4390a4c7fea4dded1e5c,381,0,0.18216436734084518
d4ed998256134c2480470046e044f6ce,469,0,0.1639683421313169
d771896eb2234aebb4dc9e8e019b4f0b,519,0,0.17919601484671382
e33e03a35cdd45a4a66695aed6ce9d0e,772,0,0.12675144100094116
189b9d023d1f4a8db089271a0eb5cc25,578,0,0.17352095116595095
3a7850248403410dbda557ce345bd984,749,0,0.14390012266228097
9974f39d0ca1412490136f23054b327b,225,0,0.11843774411205993
20f1d16de89f4c58b0d17376fe60e04d,622,0,0.016725519570513825
ba7a1abafd924c3f8de02a29c96a6967,85,0,0.10248905606333486
c3852aa9b6074e25a03f3516170ba043,199,0,0.16013719029684154
8feb013fd8074ea5b27db7cba242af98,151,0,0.11496890573222601
f7d18654946e4734b0ed34e0a8b98c41,395,0,0.1031426092857664
656022fafed147c08241dcf981caadeb,359,0,0.1729213622565688
ba33f0f7d27f45a4b8bb3fab86773ccc,220,0,0.010873131132385971
b05eb098c9ad4e7281728a695e9a17ac,167,0,0.12435975927649867
74214fef58b04cf097f4fbdf4fd33b29,601,0,0.11916227988681122
623e8f0c270b4403b557e633dbacaa45,537,0,0.1751180449841776
3fcd1d421ed94d36bcc466fa3398cdd8,774,0,0.18265278792429407
54f6456cc8594bb29aeb5438ab512caf,757,0,0.12123540570475227
831c9c7c4bc14cc394e37b92459025a5,2,0,0.10401826107110207
03fc2b8235c44afd9cbabc3e961b024f,651,0,0.11134404436140094
c8254e14a1a041e4a3c033b1adb70de4,294,1,-0.07210576393254409
0126e4980d244ac0bbde435512624d67,783,0,0.1749124800342644
9ea655e7cf864825857b7b860319ec53,382,0,0.18578759438578213
c6a1922db1a84ca398edb2f49b0ae7fd,382,0,0.05539322441961031
e8589cf6d12a4774bfcd80a5a5ac8f22,382,1,-0.024929968164031924
5b9980422e88464987b5adcd22163568,382,0,0.04029631249981813
b1b1d66f951c472ca8ad7e914b2a4c7c,492,0,0.1827378433903557
45393ea6f4a343a4a3c94f4ce3e0e695,382,0,0.07954441139354773
49431b0e065c4881a2ec3fec3eef583f,382,0,0.11006225127846414
c43bf340e5464904809addf12da22970,382,0,0.01429324182557734
5d6daeff6f664cb584bf64444f9d2bea,382,0,0.09875713383860313
2c10ee7f25b04036b659291d8c0a47b5,382,0,0.0386917335093005
e5a89795963d48c7a1900f5c9dfdad83,382,1,-0.005529471149187226
5eaf129006e74966bde1faabd34a1781,382,0,0.059985252083703144
c62f4d1006454653ac3b2e395f2531ae,382,0,0.05957340949410794
0fdcafac4ac8487c8c198ece927e5410,382,0,0.0057158029044006575
6670e12a973b4855857a3ba1fe50f5f3,382,0,0.04293404576449927
8a52967c8b944ac08f1d0c2b88d7790e,382,1,-0.012637921227942939
d87bfce6b78a4516875244cec9a3ad61,382,0,0.008681266770403373
988a6d03ea32464a95937d71ae2178a0,382,0,0.0025272364141101233
23bd7324d37241b380b0a5692c628930,382,0,0.009468187025621244
89524cb33d12475f92461c13add496af,382,0,0.006586806678754886
db039f19494f495895440e20c07110ef,382,1,-0.02229358624933675
b818addaa8d44c33a36eb463b67f671e,382,1,-0.025965248591304335
3e9493898d744312832cce0b715a816a,382,1,-0.02208316123248366
4a0392a6577e4c49bc0406c804b2b213,382,1,-0.0413729687890414
0f9909f13fdf4878b109ea04d7f353bc,382,1,-0.09107088267022834
fd8467874a4548d0b014625cc583ee65,382,1,-0.018718623549596747
ade73c1413044da08258a82be1c236b2,382,1,-0.0778061435600792
feb6d78d566f42fcb077baaea658258a,382,1,-0.04356857550542581
748fdf2e1fc743b290c320f710451e49,382,1,-0.051838122000668396
039dc462ecae42f7ad9a0539b48a65a9,382,1,-0.024065834027862776
c730e3994997443495171525753d01f1,382,1,-0.05028634110460806
37cf13f8c8c44fbcb899b7f3fdcab828,710,0,0.18753645607776415
be9fda5285b246cf8a3acfe48538eb32,327,0,0.13701937388112384
4ac0e6ecea97477fbcbf5df37983c1a3,369,0,0.06916342923531588
2b53820e09604219a88555b921806119,78,0,0.17801251333109652
0124965bc0fa440cb2da5d85fd18b633,171,0,0.07296287322669814
8f8ba0bc1b604872b632b610531b5532,308,0,0.11092611786544421
1cb01207f22d4170aeedae5c9a01fdac,98,0,0.13544785009559757
25bc64384c664e8b8d6ab70b0c215d0c,348,0,0.10152266533949156
d712de0ee0144ec99b965c64cc111b3d,226,0,0.10013308890443151
cb927e79d6934e8e9f99a3cce1265561,564,0,0.11559132136099715
ff8bf3acf9bb4bde970a6689dd5371c1,427,0,0.1667366414220759
7c0aed1674834fb69762728d199fade8,726,0,0.1120319722894349
794e6d233f0f45aa94bc8b2e5b40738f,232,0,0.11067182269920572
3515ac0fedb34bb8b2772fb4df05f85e,707,0,0.06892397422574476
b58ce95817704aa8bbfef65582e99633,441,0,0.1598373157734832
0aada029d3014452a42fe63e8f72c359,525,0,0.044461756328623814
4264bfb1958047ab963da14ab1a3fc0c,616,0,0.1338983190538961
ba9841742dbc45fe955407129596c207,189,0,0.07558471438521125
5800bb1f58d54d699415193d07880ff7,284,0,0.09540785649446387
74c4514764c746db8f776fcbe1e7f572,512,0,0.13271448382270562
3a9b74a8e213464e8eca54c3f40e67a0,517,0,0.18005918047685376
2e3da2ef8eb2428a8569457c55ee1ca6,14,0,0.12805778743136614
3df336db8e3f40d2b075d3260b522b94,288,0,0.16921960743201575
71660f3114d449f490e6b3f474dc6583,219,0,0.060564837967657326
ef1f30a9dabe4e008ef4cff7e904a143,450,0,0.021082478856478404
399bf9d07b3f44ee86ebae75cec77cbf,388,0,0.18161180324580706
ed268bf13c9e49b4b8f643a22f17f144,321,0,0.042931797148988815
b7e3c80773ab448aaa883b80a71429ca,570,0,0.09062276453430379
f80a38f5e034400584cfda031b986c4a,118,0,0.11772692339694935
1a1fdf883f1e4bb5841bc5c3299a61be,319,0,0.11262940771523933
e4d06376e16a44be82c20701b0ebf30d,438,0,0.15831246330357157
1b8168fef15c4a72b2385f94c3a2f3bf,487,0,0.027357677361649846
cfa418224b5c4534a6cea1483eea1440,122,0,0.12106692020653309
50c1f0dedf134a4f9452e22bf4c5e1de,604,0,0.1557169226177958
e6f4dd086dbf4e90a78ca7901809d02f,172,0,0.18493334595875566
ca947ea0f09d48d0b82605ced6d03191,413,0,0.12626000066934012
5983c888071b4f0f8e7a2c24f5aaa1f5,783,0,0.11213650788731344
3abd8a3ab4b64df4aefa0a432cd956ba,659,0,0.11340360532936938
af3acf3426df4880ae4256ff6e7476ab,414,0,0.16945025409171577
c66139274904461b9f4223faa9396dec,125,1,-0.07170413735300862
b689181b36974692a288d58f166a2e3d,755,0,0.06176049270873757
161d0fbe32684fc5a76a00a37629537f,183,0,0.09897623144256573
d1630f849f6846509f785d10f06d184d,98,0,0.15296983352073906
b44881beb5f04979844b46a4784fe7fe,504,0,0.18831006414234536
8888f7213a5844b1b9daf95440247313,502,0,0.0984741995466224
1732f1f26cb64989926e9ba38b8ed1b8,18,0,0.15030459384468842
4d414fc6809a49cab575cf54e628b917,441,0,0.011762149726160187
4913fdc3a80343cda7dfb51651adaee2,502,0,0.04420581804614754
d783770b8ba2446cb32d49a21c505898,692,0,0.005293596323966754
5263752d0962432f8b97bf99d0343b9f,759,0,0.1779307404772929
d52a16dcd37447eaa1644c2729ef446f,365,0,0.11430576689727745
501495bf72034355b378f056887e90f6,173,0,0.15395484451183283
c4381d3a91e44acbbfe79152a99fdd7c,20,0,0.12435382499149039
8f02ea13c9824ac684d70a709648bfe2,584,0,0.12190526644643512
6ca569b507694c899b58bf18d29ec2ba,500,0,0.05336453685261727
14cb8108480241e4bef664447c02564d,170,0,0.10611239515536552
a3a21d4d38dc49d3bb6ad2527eb45919,508,0,0.17818757549286324
483af149600e4e639bf1f75285975c46,219,0,0.13504230489230645
cf44bffe7ee64d3e92798714c2f93d91,516,0,0.18249659182350897
6d252aaa895e403299a38bc05ce21afd,720,0,0.1846316143228121
6f7e5cefaa424bfe9eee1ea0272571c8,653,0,0.15057121581223754
dc195966f84c483996eba6c609c94867,641,0,0.08790213464025265
db698fb8e1404167871b0b9cc0017005,764,0,0.16240086781809226
0006e883993e4245a9353bf10b6940d2,164,0,0.18029520550940825
856f9c0dbf0a46dc8ea1dbabb992ba2f,153,0,0.17096771107282888
3ded4cc8ecdf403492829e1d60018b20,497,0,0.1860851561542275
4db745d3fbd1482d88dfacdeeaac4033,163,0,0.05273246006096399
cde92f283eb842919c04a8f8c8960887,180,0,0.10593215411392176
0e72077013cb4a1b827d33dcd8b8e1ee,20,0,0.13144771180894116
95cb63c4f53c46de9d1523e50f25b483,92,0,0.1717351784232547
140f3d68f0a74e469a3a34b06f44bfce,752,0,0.17696115629740516
ed01d83ad24545f8b856ea1e06806d52,594,0,0.17857580317510036
d8220a13a92d4420b3dc8356e1408010,92,0,0.13965335640810883
dffd6bddabf44f34a1f8175152235367,598,0,0.11968723503920542
c8313a4cd033464bb1b5ba84de32e694,219,0,0.15859536619884873
e850d503c4c64e9b9aaee645cd7f2386,603,0,0.1748503656031276
21c644cb5570462ba8bdc76768d200b5,558,0,0.1686867020634255
9fc7823eeae74ec5aa5560a7c31eecdc,148,0,0.17045587967573206
b53ba672cb864fb081c6c31bd386a834,620,0,0.17917409299178338
7dc4d22cf01345578f51b2c67cf88f91,259,0,0.10864775007927041
088883809e9c44e3998560ea081f8193,701,0,0.17285280086894128
55f07451210e4aee861622142cde87a2,774,0,0.07621312104753347
6e204964afe041f89226ca25ab6bc752,449,0,0.036162702512640144
b7c6c4f56a9f42ad881a7a3d701518fd,798,0,0.12105871076947544
376dd568ecc54d95930f6e1ab6b088f9,340,0,0.05348363625630931
31c2781ecf3042db8cd5629950d9b7f8,164,0,0.1517541256846512
ca77bab739904670bf0627d75d73acb8,560,0,0.17986629518475206
bd71e7c87b7b4c28be68f12d85f3c5bf,53,0,0.1847986263502449
ab5226859f2f4bd4804bf3b23523e4f8,656,0,0.09631419501328714
3145d5d2dee6434280baa5e218656a52,643,0,0.10427512952032869
ef60ea36395d499fbfeedbc653ab6c33,133,0,0.18200589350573892
9236a150932746709112531ed8fd5f94,489,0,0.16150640050792997
820ab518119449bc87d5633b7caa2719,335,0,0.17272020989667508
28f98f0c9f754c46b4a428141af8f506,186,0,0.10267260206216144
5a8ac81578464c98861793eba92a343b,21,0,0.11438517716395352
1f82a2d54ca344589988147ebf2f8f6d,626,0,0.14663079390864725
712689836e274e1d9d1e4024c9b6848c,268,0,0.17396625219053713
d8de74e2729246b097e7757e334db986,439,0,0.1631627928216891
04a475ce7e6240509987793e13d9ac95,580,0,0.17587603327234536
7c326c43b4e74485ae32cb4265e83b1f,689,0,0.1796710291277432
c4115857f2804236aff252d963a78e94,272,0,0.16195726021378015
2e37617333f84009a013490651c1c997,211,0,0.1649826314406933
1a432e9e2730408e8e7cf380c9e8899b,428,0,0.11213673951857378
fa33b6f076974eed814390fdb88df00b,297,0,0.18487768012818273
67409e83a1b3463091817d23950011e5,596,0,0.12076404149898745
40cd3334a5cf4d56a1600e9a2611023d,480,0,0.1671284008465555
be713f3b12b54934a1bac2407835bb80,262,0,0.06916774089254174
19c8f4ba0f634bae85fc6dc09c83d117,240,0,0.15610278929441096
d130982500b8442d963ccce03447d7f4,686,0,0.12182525021517265
f488d55d76f04cdd8ad7e0d488c25e66,259,0,0.09215965801327419
9646d24987484d6eac32d317fa2c48d2,543,0,0.15702441193721228
210d30ce5e9d44858145ce7e8cb8f0b4,130,0,0.17576316746332388
5eb353dd0fca40e3a0d966b2da80e4d5,627,0,0.1832574937833517
c9d6c0013e1b4cf092885d3a308c0a26,168,0,0.13056955940273846
83fbe57804f34880ab3ae1e2a0e3b2ec,450,0,0.16471393408925206
d4ed15714dad43f6b15e45b167444dd3,118,0,0.1482075822380189
5bc9bb6e46594c1da05db462f3cd2fa1,574,0,0.1555131618997393
1db7c6a5413c4c58b096c087babd455c,151,0,0.1759501082704487
21eb773ef73042249a982c652d487f57,172,0,0.10044031030396466
e027390424f14048a3769292efce4766,217,0,0.08658645795710884
e3413ac4b27a4b4b8ac01376e2952590,510,0,0.10851854250848297
2ea093311af14c7eb6c2baa01a6f99bc,696,0,0.12226776078620077
9fa7ab30634844eebf7c17a26a5460ec,108,0,0.1573257306169838
b95a4bad76564e0a82e0eaee61a4e81c,5,0,0.01649302745290171
98b0570789d946e7a2aaabd3e4e70cf3,616,0,0.18836929130806174
cdda09bcbab244ec8ae2a012d60a8556,789,1,-0.030093163317615912
cb455b6f9d9540689409717dd0e22915,753,0,0.15829872183187765
c4b3f0ca88e94d72912fecbb3b82ee91,134,0,0.1209521045718071
f655273b279445819b5b2a99259a9b06,397,0,0.12502781852583938
85d8800917af454f9f5e9c392d831ed5,377,0,0.18930691676261385
f121022f59fd4b399b50f9d34a158e27,702,0,0.18277385426183318
ef47f2b5184746e9b25fe60bcb6e2c1a,85,0,0.10077670721063609
d2ff3c959c3d49cca1a11ce598527fc5,130,0,0.13272510948790428
c2db0b8c3cbe4847b2a40187747027be,46,0,0.18656912810851872
c40d0ea9388642bca1d7035a4ef0ed47,787,0,0.17544366729401367
ff33bea4e5c7422a89a8299abe7add16,186,0,0.11608466056124817
062b9b9eeda140d4ab208b42bddf1651,321,0,0.162195475220614
8c5fd845af724fa8b6fb67fc18e0feda,271,0,0.027428689735276235
3bac0368514b4ce7a042119b085b1d22,618,0,0.1858183553488445
0a9544d15b3040a1a16e232fc849958c,5,0,0.15167974967425268
88bf5eb1c9b64f67814ebd41f051dc24,471,1,-0.007968010539882497
c0331d7f7cec41cd990a2178e864b525,707,0,0.12646391759153142
4b3ce3d6a5c74545a2365d2c621fe66b,138,0,0.1771588784462842
f29ab4e225174cfbb8f915872cbbfd37,192,0,0.18681215468014395
9ca90962e6694291a9a9322e33c9fd62,665,0,0.07443508240333468
5f5fdf69b7334f2d9231f7e89c3dda00,496,0,0.18301199454869466
511e55c611f646989198ed644c30219c,301,0,0.16150316786304347
3483304df4174e3d9a6325785fa6f94c,645,0,0.11624081832390998
f69bde56af354d4cb272805b087d21dd,507,0,0.181905065935265
f46a80d7833549f78e37581bcd53bdf4,37,0,0.15021760812684737
99ce6a2ef10e46aa8423b93993f406b9,626,0,0.10084533224993958
0bcb5772576645a5853462a79a91865f,19,0,0.1734730564571596
bc4c0eeb34ff4806acf78c0d53ff01ba,663,0,0.11217632611911915
8e38b8b937c14619803f91880b316569,506,0,0.11095671159504816
8e1c96a582e8483a822794b793da8444,459,0,0.03538989971472789
87b8e34113c2466fa40d31a559ccde49,743,0,0.1819247661662794
d7a844c149c64f29b54253573198d7ae,601,0,0.12906027970460282
3feec0433d2b465ca5d52251eb65055b,399,0,0.13519487175721762
35ecbae8f29c4c50b47a439b569a533f,707,0,0.1188620065778257
3993bd2ddafb45f2b28d4031069565fb,160,0,0.12969991689192334
c0ecb51379474969a57c59c1cf8ca591,425,0,0.1610788381261437
bb1fd34668ec49489cd57e01f6d59928,48,0,0.12015728804716241
1a7f39576cb2494c9dc4250401f089b4,693,0,0.08353642667036826
c39fce081ac2417781999c4550f8f009,632,0,0.1024427787520929
469d553c303346de95fc912bd4a49e69,706,0,0.16313221489344515
0741c6c404e045b18b0496faee25b5b5,51,0,0.17715770175289947
bfc980e2a42f4ae591195404a88a4f97,108,0,0.12579784566947705
386be3be75034fb28e48b0c084fe2d8c,104,0,0.19136369448454715
60cdbe82bd16407697ece76116905e27,645,0,0.14326026042291817
d0e216c9e811423d9eb81732d4b9ea6b,299,0,0.18334529126532678
0aa6974eb397416cbcc61405156d77d7,101,0,0.1827271364911644
5afbaa8cc3bd495596ce6253d29a69f1,206,0,0.1787447890843748
52c06f8779874ab19b189809e4e41e7b,485,0,0.17588992635378714
4be48509b2df4d7aada4629bb9f1aac6,732,0,0.18381550984013834
0e05b9f26d744b5ca71e365c8a76e5fa,155,0,0.12829695083488624
bfe9ab77f0a14a3b9d1c40e52d5e7e77,469,0,0.178357362923668
9cce6b7c0ef2447f99b59677ae433af2,71,0,0.1173206483837585
f9f7700779c84be593e491f3ede38796,790,0,0.18186401053297369
cb474f1a0fe0446ab7c7ff559a76f6c9,656,0,0.1711733410682167
5937d0da106745a39a7d83af93376f07,730,0,0.06905525773377647
54301c5c7c8642f29159d40232b057b0,760,0,0.16503362580420072
694c4560bf6e484b9ef7049f090dd6b5,540,0,0.11287832587832186
233cb4fa98b1474b95f79cbab0963015,413,0,0.1413036349517674
2a599de099404ba2b869ad65b5146075,633,0,0.10247312588950175
1fdfb9e02c074a5b92459b587bbe48cb,794,0,0.07639146926136564
11e4526f043a4725b77d73c6fdf92b02,550,0,0.18497418306899305
d3381c7b90b54f14ad3cea8091a12f38,218,0,0.09766701857650228
734c4bb9638e4e64a365b4963444de72,749,0,0.18043944842238152
a2f6f3f09f724d8bb2f4e960bc13a501,126,0,0.18219224428969927
826cfda5bd634e6c9913b2bcdf925f58,5,0,0.11622642364798957
25cb8a9681e141ed98ba9ab5813e16fa,579,0,0.1727197160097101
2e9eaf68feef40aab3bae5489b4a0f79,732,0,0.15103376274111663
7876d0523ad04b2889fbb66cdd1ad69d,755,0,0.058063578222535606
43a2ad41d59a4fd99a0d0d44ccd38f6b,797,0,0.1550752510351473
7042b84e9b8442858d633324afe3d24b,421,0,0.16075665239644854
48f6f161d40e4987a14fe80391066e6f,487,0,0.18468496695269998
7af2a90a5d504ce6a0b2816bf76cb31b,510,0,0.029347692296159855
bc509d6d4ba64c0aaf5f856be9a5a139,426,0,0.11002806606518356
089d06f7a26247ae95c458b41d3de5f3,728,0,0.18109596410978057
d368ee2d4ae04250bacba57d34033112,418,0,0.17336167322211582
7e72849d641143a2a606ed9b116ae141,535,0,0.1845263098268493
2b82c1e63b39487bb81d918d0ae52905,301,0,0.13272021954204433
89c5f1c70d9249c4aa305de649ff0106,431,0,0.049493911478718955
bb35b8724b204aa9944317ac7ba1f29d,290,0,0.15286254682812322
6191eeb87ec648558df54cf290eb6ede,69,0,0.18397734094748597
936a3872c16b41c48ff9822da283f196,579,0,0.15467995685540037
701841a02f7e4bd797c80c82103de64d,737,0,0.15822737565203943
2aa32e3e8cee4ed2bf8ca3bddb568aa7,651,0,0.1828397958026789
a3b1ace9557f4f22bc8b2b8884adb33e,745,0,0.18271092326511768
57eaa56c2e044d96a26b7144526313bb,553,0,0.1117108680568572
b336877a566645b9833c96d90206998b,169,0,0.17974482268695952
0f2e92c808084b68bf7aa5f8be0c8e01,574,0,0.17247709457197724
2a0ba0fc674947ec9e1d60cb88a1b549,554,0,0.17006740719807523
e789c01376514fdaa9aad1b05c87183d,193,0,0.11553916277460602
3397b906884c4fb78e66d79e8a3c799e,674,0,0.14299301386269175
2772e9ec34074bdeb5ca9bfc028335f0,210,0,0.11059749071203945
7f41b9c5b174440a803e3015c21e10ab,86,0,0.13937310082102827
d8933a0252564e4d9d08d1e36e8c84df,46,0,0.08513830546390128
66146841bf7143bf811f4ed1f45b0961,117,0,0.11306820363987868
dfdc58ee9e2c40f08bcd79e7f9219ed9,417,1,-0.0036043554409922463
8367e4dfc0a0410f89c3aeda483754fd,331,0,0.17496319898108803
1c7b6662c5f74041be032cdb1c4ddd21,770,0,0.18412156370932137
ca39b53c1bff4cbf8564302dbd89e307,117,0,0.1469061588017293
a9f27e0605ac457cb0444542b0b7ad54,67,0,0.17445052812832956
1ad77ec2a92e4071a8a5f85641984cfc,567,0,0.12578033489229906
9c3da84079884910a07ff3d4a0046404,781,0,0.10733084465035747
318383e9b3c24b4c96b8cd549e7ce14f,651,0,0.10500163951711133
4a8ca9db1a4842ec9e415efb408ba596,462,0,0.09717101551026969
0c4bfddedcd24882b04388c884ed19d2,668,0,0.16268998053400086
9f9185a02b2d4e4eb8d6895df773b5cc,493,0,0.1773303936870526
0fcdc1ee1e7e4f7d8d0643bad6a9aed7,359,0,0.1725461152527717
fe38f2f02b7d40bfaf999c957cbb6e13,46,0,0.0656548270574186
2547581202324aac9cdb830317610456,143,0,0.1784992333201555
646d9c83627b4f0ab6e7311f5c7afae9,267,0,0.08683200025889498
2d64732767744c7597236c13b48a12bc,613,0,0.18070636442441085
d7793b2c83cd465696dbac3e57956336,569,0,0.047597726960138975
cc5f971c0eaf421c8ee9eb9af68d4399,83,0,0.13383547886793562
c4059f07c10545d1a8685a26119ad713,31,0,0.15005286263340012
a617587c9f2c4fc7910a279858b7492a,385,0,0.1841248192837069
638b0d45339d4399b550d1171f3b06e2,786,0,0.004337600188391577
1faa45aafcf04045bfe186fa057c354b,197,0,0.16567732773870725
8dd50fc689544d1bafe43e12c7c9121b,726,0,0.17924856379544307
77ccb0849aab4accbd9d0bf01f4e162d,371,0,0.11578458151540083
c7e62bd704f6483f855d0361a0c2e4d9,620,0,0.1503631945557004
de68f1f10a1f4af18f33211a24e270fe,113,1,-0.010672307123763991
c48fcb666e6d492a9b0e3781a9e08f8b,179,0,0.01442406556927478
d66836b2a7c743af923ba9d3a85cf31a,265,0,0.09504132175685381
374df2daf0d549d0b3bf9211ba1b552a,280,0,0.15799854574087535
d5928e5c8ed746edb9b765110c8d9fcb,545,0,0.12929091749269989
b56c971de6de43d08f5a3bbb374aab64,464,0,0.10314322907059043
1448c608afa848aabf3060cbc1839026,507,0,0.16962169171950364
64c3226fee3f4b77b749d842b1206d8f,284,0,0.14229463449816776
30d68eab8be642b3b263e7ed0eaedca3,401,0,0.17175558555573323
5a8950af977340b9bdab2ec8aa8ef4ae,255,0,0.18501104405087349
499ad7c5a5314f13a86e4e40c52ced9d,99,0,0.17811672099797726
27a5715ba7e64203832f7a7b1feea990,641,0,0.14506459091003993
fe67acc46e6d4b479ed579cb5037dcd0,348,0,0.1853885739717962
b3fd8bb4da4549edb44e7722ecba6e79,74,0,0.008523985333004136
46b644744d084cf6aa8ce810ac5b714a,320,0,0.07863118327949337
9570f021168b4affbf821112e13e61ad,770,0,0.04581924663987963
0d09d880467b47b6a0c63c3ca010df8a,438,0,0.17198893291773648
b4c0881830cc426f99f24ed3587591d8,110,0,0.1728089429670669
aa8e25a470554595bccd287bac647f68,198,0,0.02247310551088394
4942f6ae8f084820b5fc0626769d10ae,431,0,0.12655119601508868
7ec5a6ba547d4dfd8afbc1e7ce8bb90f,667,0,0.15686392887346512
e2f68608879f47e1953dc65f0b57e14f,149,0,0.17995400608533751
4a03b96c2bf545a487ff94f67daa1b8e,205,0,0.17417191627647083
3e8fca9502af4324af48470577ad44a0,465,0,0.1065138175511845
99cef02d6424425d81ada765f9ac7b67,228,0,0.18351711446649005
d5041feadd3549e7ae7de1e583c94d6a,752,0,0.1750223596283072
5e5f08e8f888449e948ecf4b84371cdb,409,0,0.1106306806271024
06e8ebca58d8430ea2927f6119888812,268,0,0.17427675354680056
48b8cbcb24c4406695f8aa3c1d090b83,693,0,0.1636354399657134
03cf944bf89442eea88661ad87d2aa29,312,0,0.16937748515677992
0850d2b9db904b1593f83d9cccc91ddd,539,0,0.17240944601724334
3b9d12da832647cf82725c4c212b11fb,728,0,0.07468759979282175
81d1ff472d6f4cbaa2dbff49caeffe59,194,0,0.18475835672781243
3d33f4e270784089bf3c84f5a624f4ce,613,0,0.11531607807114752
6e8d5de8a20346aa98eb7580dd32cc05,193,0,0.1164288682247861
da1d493e88924af38a88a104d30b047a,520,0,0.09972474759061883
d7693693cac64da3a37f52dc8443dc62,171,0,0.18454005724006128
106d330cb9054b5ca0312b7a09810127,640,0,0.0401639125819766
7e4503e485544745953effa489fb0bce,640,0,0.13252262335611065
25d9dfdcfdc34c1a8a8ae10809e4e477,640,0,0.12271537534088417
36fb2feda0fe46debd0580fe8d1aceb4,640,0,0.12912237142984395
98ac5c49af454d59be8c3d1737bbc006,640,0,0.10922382991854934
118292db90d74a1e8ded75a37c831519,640,0,0.10365176898264544
9e9ebd5359994deaa5debfeb773d367d,640,0,0.0908351043285543
2fbab59d329d439b833f6e5ba6c196cf,640,0,0.09901545821658447
02be4aa4336e4bfcaee88679ba44db4c,640,0,0.07340002074163404
ccca1048415b49e8bb9203e15754fb46,640,1,-0.060937175396667875
222a9449f27c4214a923f1f7c8edb172,640,0,0.07871470786797924
a5691ca20c3947a799c3cad4a207ded2,640,0,0.04131037419481837
54b99866f682407fbdaa2672f319211f,640,1,-0.030428330047061358
ea69c9aaa84c4e829c102c055ef15d7e,329,0,0.1729782839655577
d99d4f7dad6147a8a353e5f6010c148e,640,0,0.028490133818290186
40bdec9dd9fc493c86a89882d964bf52,640,0,0.017975251163365513
288ea3bce6e14ef09da66f98fa4e2db6,640,0,0.007424875661447339
abb9df4f269846f19f47b66b05251418,640,1,-0.07231195119703226
b712a6f3adad48b1874c480d4932a6d9,640,0,0.003847855286846058
af15024752e340a4ad74a66071240322,640,1,-0.06345577443275663
a4f7220668a14d78b4ee468836aae13f,506,0,0.18530740660682454
041b619c1d2b43f68762130668181819,640,0,0.011714551579360521
c6fa001c9c674742a4fd87c2a754b9d4,640,0,0.006617732655715525
b1c3f2a9067f4b22b4f0f41f72805d48,640,1,-0.01847790659367521
42ef526955f34aa8a64d35867ddf5d7a,640,1,-0.01032118292704709
16b3fb7152e14fb892a0661cbd77a643,640,1,-0.09474390731577909
8451beacf6944611ae986b98b9f8d4c5,640,1,-0.024995612235615416
7fd409431e194d4c81648c10107dd5ae,640,1,-0.025186377656807424
0bb9f13ad3a14024bb3b92f49bdf079a,640,1,-0.033047664570543644
4cbe78333d40425695982046712eda1d,640,1,-0.01741023754721327
f98419cbdbf640e8bc683bbce61eda13,640,1,-0.028213946574976778
c1569ae1d6fe496fb37e4f3bcfd893d7,640,1,-0.0827682544238254
f231b9a76eac41d39f9a29b3c757a7e1,462,0,0.1272299095972539
0511d8be739b4d4a88486eb3f636b8df,386,0,0.17816954192495665
642f852c4cd14be3bba0fd11f7e331a9,769,0,0.14319772144315007
97b327d53d24497a9ed11e576570b9ad,418,0,0.046205911472671835
963bb7edea0a4c659f21880a98726451,183,0,0.07594335975094807
c90e18009c3a41b18506ffddbb8c12b6,84,0,0.115215765545922
69d7a67a0e1545038107c0b6d34e9f18,559,0,0.16398901307049019
9c0226f298eb4ea4b869cfedf8dab436,121,0,0.1826291038373592
e580e01d265443208b7e269542c8c4af,699,0,0.1836084797817712
1ea447a3e9974dc29b5fc04110ee4481,770,0,0.03892821173898675
482a475ccb57432cbd6fc0e3490a447d,354,0,0.09512309458557178
7cd4c49a51af4236aaa294e89743bb96,671,0,0.10477692487346729
e9008f7003524e5d99ef19250e0fbf73,232,0,0.18514198023381556
0f5a294268da40089c2a92d29134ef3a,601,0,0.18159413639623073
50e794299e3141e7a3bcfa6c6a5a9383,472,0,0.18394884302819126
e3a6981face04e72978c8bc1daf2b687,439,0,0.09854425830746494
c615538dd8ff48e693cfaad47d0b78ff,571,0,0.14273200249135476
ffbebf5795c54a9482200332d5eabee9,755,1,-0.02915245819590695
467750febe5f47fab82b8516f7930af3,333,0,0.16704967521304037
c4d9741cf7ca4b14832637110abdc017,622,0,0.12208931478534107
9f4a167cd5894bc2afc4145f6c497994,462,0,0.13097516271067483
6f1403210c38479c8417e95a4b42c9e0,566,0,0.17519914399382253
defb15aad9bd433ea57d3cb03d510c3a,71,0,0.025895973900102842
f6221754cedd48748583a59f4b06f5ac,536,0,0.1797888841034947
d416d0ac94674b4e839b6266f77cedf6,334,0,0.03355215454082444
826e3610f1fc44f997c7d0f430a92a05,428,0,0.17977175253713673
b71d8d3b2ac3492ab419af7fcc3868e0,210,0,0.08482159419267171
5230ec6f836242c384f18b060b12621e,317,0,0.18730248567176255
2708ef7c81c348a9a7402a78052d6c1b,146,0,0.18474118840578346
4f89f45ea72649e09a5c15f0c7027c1c,728,0,0.15690223438583523
64dc4706b21242fe8c6c72554678709c,179,1,-0.010043295615869585
8c325610d7084dacb238d68bf603e301,468,0,0.09764753611406518
e82f882ea6d943988e2d80f1d7554c8e,44,0,0.1825721856236051
b54efccb6b8d45cb9c290eaa181b7c5e,550,0,0.1784421524394479
7b111017708f4d36b7af0c22d2f94b76,222,0,0.029518673135185136
32ac9c887eb74e419472728c2bab2a74,78,0,0.18260003332547614
8028e85e1fdd4ea79f1f08ab84097561,473,0,0.08548540936672228
38ad186af5f446b6bd3ef058c958e8db,199,0,0.05947534284953987
d2eb637c18ff4037b365e3c58f929cb8,686,0,0.04229928843175318
d8dd5b056c654fdebfc5fbe1cbc203a5,730,0,0.1690245328427047
685e72e6332749c0b4bf4ee790221a83,165,0,0.11409072339985582
5e41c6ba2e8242ee9daf7394ec35fe5c,547,0,0.1760283591074498
b03f4d49b467497a9f126aee594fd7ad,11,0,0.18309911268205975
e18ba883eb5d47c8890039dabf9d1528,731,0,0.1887489194633336
087b9a4a596c42d0b3f2ad2353dfe96b,105,0,0.17980470473004423
86b44e3f5129437992311e3741eeb63a,383,0,0.09621027592308456
d206b83a84b848508f1b53d6d8c3b1b0,685,0,0.01947660820036612
618affc0787d4d0fb21c02ffa8b4af09,334,0,0.15504137043322336
283f503927944f438c5b6a6e8de86a9f,554,0,0.16464344459583613
2ef53e712862406e9d88b11bec8aeb75,108,0,0.13692800832008423
c6cb7ec6bf4a46f38062e815bc0e73b4,12,0,0.18215302489731128
c10df9f7cc244113ab8c2776f7c4e8e8,285,0,0.012469674069321868
06a412b7bd4b42cd82fc06dfbf7887fe,729,0,0.18091089532182936
aa9d73ca4e36447d869f229378adef2d,614,0,0.054485651853452666
b59b2a0c9eb645fc9dc2b03d8d566778,789,0,0.1860095599766204
e9bff29ea9374ec684c120ef52f4e03a,21,0,0.09728861683118761
7115fc13483e4c54b0e8d5d56191b4c4,249,0,0.10737604453258426
b1990a12f2f6405b8d4e53c56c98ea91,383,0,0.15646447407348768
608cc17535a443f3a10840fe68b1289a,657,0,0.12481998786631543
ea7ea7ea93524356953903e148c402fc,612,0,0.11831126199510034
6883f04bcb2446068b89224b182347c0,284,0,0.010592280816475674
f9e24287732841868a9ac52bd296c8ea,750,0,0.04139470106747578
7abcf81906b74e0f8ff97b817bf03d08,680,0,0.04019036490466016
bc3cc0930dcd4c049bc593d08fe35fb3,227,0,0.18118414177598735
ff818b54daf74a259b2f8781c553ecbd,644,0,0.16990628693931964
b140baf1b543451eb7bab0fe20b15d6a,649,0,0.16959334104966278
7fee7db2fd6a486eb977a841cc513266,606,0,0.16864295014282826
7d549bed5cc04150825c0250c8c227b6,436,0,0.08791009061458854
9e893506f52e4f118bf966bc412dbda6,202,0,0.17572107550231997
3536560c008d4b27b0d4c5d4273fc45d,590,0,0.1127151867569261
5ee11c1e93334364816caf68abef32db,278,0,0.16803968453457874
1c9beacb4413476895f93f139301d379,386,0,0.08168475887434967
6661698cae874460b066d7a64c84cdea,752,0,0.10182502911905456
6bd0658d36484df6a7d59727e8d34d84,780,0,0.11213962481779582
773004cfc4f84590b9d219f4786517eb,550,0,0.12954665395814458
75bb267ed7cc414d8b2a57c8407fc02c,313,0,0.11015920426366665
895c5ee3acc74b358be48b27e8e7a6aa,341,0,0.1785623262136054
e9f46d4578844ec5947847fb59c2863f,425,0,0.16453401080173324
ad4ae67646cd40aebc076aef2240c38d,261,0,0.17881051287048444
b529281bbb774a429115728f81cfd20b,500,0,0.18086977784583902
b434e878201f4738849dfcec18c64354,394,0,0.1647934231239097
e31212c4aefa4ebbad44f989191cc1c0,35,0,0.11750575725053569
27f8f937dd854926ad832321ee8fdc22,697,0,0.12441972290963188
89cc595682124b8b95ce9f456d23a86a,94,0,0.18071934070070833
2712993214b34ba3adf222158d9acf8f,82,0,0.1253692542907925
721f7ab2b65b4c9087eb18be5e6d685b,391,0,0.1729858708707988
e2e6cc4b52424f809ba7f8f6df628967,91,0,0.17295406732416135
3620211d01904e6ea45ec57c8cdc2163,172,0,0.16936320824388018
62585bd6ab8049fa8f1b8758d5bfdcbf,713,0,0.18112307929776333
a97c84c3342942d3ba7bde363142f9c1,441,0,0.16829252232328484
4d964b6b03a1438b99f6f3aa74064bb3,498,0,0.18823316637964627
224b6bebb67a456085eab2fe6759d326,217,0,0.18027147880074085
be50432499124cb792fbce160abf75d5,418,0,0.07136707911834861
c12da88724864a209c4a67eb6b3548ae,81,0,0.14699943787497805
f97d514435e944a79915ab2ad727f4a3,103,0,0.17724030516313438
3fe95571d8db4e338f9b89a8ab644c1e,7,0,0.01997967072613749
df39beaa98f94ca392418e67079a20e3,351,0,0.09323839764824937
295d83aa5e524d06a8b0c020b0db275a,369,0,0.1815950819767757
588f4c974b364f41949190ffa922d98b,543,0,0.08991761375713903
8eeaa84b223545be9801146ab24f64c1,674,0,0.05640367401585261
b4735eaef1d94c86a438eee67c00cca2,653,0,0.122923119501202
2fdfa725160f40679ab63301e80abe17,46,0,0.18026432270117837
2211b49a4b5f4c928bcbd1550a878ccf,729,0,0.11858678157078373
8ff1614b71d04c529ed2e53ad267b2f7,689,0,0.1584322448578233
56170770323e484fb3daf04c432247f8,118,0,0.14542665785720926
2a49aba64f064fc397b8641a81f4adf1,164,0,0.1629671611960386
f3a5aed9b88c44d984cb03a201814c27,287,0,0.18262824840653608
5a6ffa4d7a13492bb8e8af3dae9a4660,66,0,0.1746705730497783
e0197ec4b0484aee8f862ae0a660bcc6,753,0,0.08179266432508575
f00d1624fb5848acb35e3b9be71a52f9,447,0,0.18500520403417076
c6ba5a54fcb34807b2390a9cea5f3872,192,0,0.17896067119160186
8ec5fc8d0e2f46baab1bd4a891fce43d,320,0,0.1845170262562879
6bb177b39a9a411295c279563056316c,63,0,0.15943976688407618
7d97b84f8a2c499393d32fbbddb875fe,433,0,0.02473543414276369
2dd30f1a67014868bf36223d19d599d7,679,0,0.10708252144868774
0408c171a4274cd9937059657d135cbf,404,0,0.18645176401477181
c5913da58f1d487798059c0881ccf4b4,613,0,0.15870693909533656
53dd71d9428e4cb09767cd5e13a4ffdf,489,0,0.08190089757594238
a00580262a664f69bf5193e2f519d353,341,0,0.13248675631527623
2d047403df39439f8c0d4c2c7fd88c45,230,0,0.157642111382844
0a06048ebf3b4f51a592b204222893d0,183,0,0.186714565809402
76a64d5d857f4b9980aeb2c65d0a2e87,73,0,0.10409043716587624
01e2449fff0948c0a28590be7f510331,55,0,0.1739813270898823
feed05687c3343dc85644286b1c8e7cb,591,0,0.18419469675616623
c7cbf5de61394634a5aea29df406b16a,214,0,0.03709357575799688
fc53af330ed240978e97c8ac94b26290,589,0,0.18395356030607368
00cdeb7fc07b49b9930466da2562560c,172,0,0.1475376145831469
943fb9fee3a240f081dbcb7398946539,183,0,0.14805521920597853
61513af443bc4abb8a54595b4c1c100a,346,0,0.17074674483273466
1ec9dbe483b24bf9882e687be79ae90d,34,0,0.17059607636743224
280de6e4bb0a4a66986ca2962a8a6e16,686,0,0.16872147664174447
287de8c5e4e84ecd9bd300dde52388bd,281,0,0.13137904904122483
5c61e3273a574c18b8af0bd27ab56ebb,11,0,0.1289578636396615
d2fcc1f1e89f4ff6911dca28cd630609,521,0,0.0868291071757486
d8ba6233b94d4568a5015b766631b977,491,0,0.1407734598024064
9bd42170501e472ca52875c8fa7a9369,393,0,0.08243663906795679
21a78a59792f4447acf1ee500e2fd655,101,0,0.012755404207931975
169a041b13054ff2b027bb6a1ac3f2d5,569,0,0.18548628887546936
565e7cf03fc74e6e81ffc7cf5360d14a,598,0,0.18193083946728045
8df9705f867941dbb81d103d514fbe4c,674,0,0.11657407271457948
a3d55112a0d74f999925b8c4d4107058,184,0,0.17876673549372724
e922afe002ef4238be19d64cd51785fc,40,0,0.18207929507640647
46e9f7d35cee438f9196be2f49a3e7d1,575,0,0.14465685108525228
f9d1730d026b466bba990fca29c1fa56,518,0,0.18831297447826756
158c385562dd43b7be2ff0d8503a4ec9,673,0,0.1206465988969676
186601fa411e429f87c4ab77c091ea73,143,0,0.1827344223621234
01734759d2634a63b741ee17103c662b,551,0,0.022848803257663586
2f5692184fd54b1a9d84ead0f5ef9b59,220,0,0.05401213944645061
4ff834c7635c42ef8da832e0a33c3665,284,1,-0.004914641266487441
48622a8ba3e346fdb00dba4ee36f65af,390,0,0.1869896925260064
402e11ee631d4ab1b5c0af387c570b82,260,0,0.18986847496543047
fad4ee106991421c9535ce2087a6b6a7,644,0,0.14688634472723305
ed27082e12e64d4dac6b9b62f89eef75,731,0,0.14289438811393962
f0f70b6e808f4bfd8ea46e65697592ca,323,0,0.018639802334295408
fecb3fc4a6174b0aad6c90111e2ca161,276,0,0.13650884845610595
1abbab4c411540beb6a7b549360039b8,67,0,0.18330648776324254
4b8c1ee9befc40e1942414fca9182d5c,796,0,0.11782776748656437
e2061c94780e4fc0898d2635a9dca082,227,0,0.09561590229623218
f5e04c179f434d35b3327456407e02fe,539,0,0.055935172341821604
b192fdea9d0847b9ae17b63f1d2859ad,277,0,0.1114149619548645
051e27390ffd4bc4a04fbeb54e2a01c0,544,0,0.0804670974251877
9937b386c43e44b59476149631a835c9,606,0,0.1784237329772776
7f7202ad770b4b88a0d3dc69799606e4,159,0,0.09832857133871703
7253acd4b2bf4b348f77f917c5edb08d,753,0,0.13781594754402776
3e305f2fb14c455c992270c83e717c5b,449,0,0.1791397958804284
a4a2820895a14bf7ba3bc33357086093,438,0,0.09909128907616022
78f311ec3b424cac96ad6381b47e79ca,312,0,0.1679642700098783
7b2c55fb15ad418aac8a8079a93b542f,78,0,0.1740589739785477
b588be630fa14727948016b3d7d6d698,761,0,0.18283223065074639
26697a296c6b48af9d2a79d9c31461e9,434,1,-0.0011496570664586425
661ce914a3d24d9ab503f14672d9976e,491,0,0.1046101293765287
4ecc8ae8dcc948148be3ff3c1c73715e,194,0,0.15142793092850698
28eb276ebc434a4fad6790279d0d57ce,719,0,0.11367764046758316
ab8c5e436186417aaf28fdc90ce0d0b5,136,0,0.19005639883479308
3bc18a8feecf4571877e1204fc0df1cc,552,0,0.11980313704984458
0c2be15141154fe5b4e6fede68878f3e,306,0,0.14858544106006444
f82a59f1489a432ea0c36ebf84edc58b,646,0,0.0177962215553652
70d73f9cdbf146218fd34ede328c87b5,312,0,0.029331119236162495
d85140d667b540d1a033eb00b8337008,632,0,0.18641794609294027
b56488802e774d19811e7158bad82f7d,471,0,0.18191758476359132
9aa397524acf4d0aa8867f7643e77406,739,0,0.12454810652659332
0c45fe530f744569a709f1a69df8ee50,103,0,0.029024717283831214
508faafb316947078c04626a4bcce53c,157,0,0.1111990311172536
29fb61c477604913ba9a61875be8700f,7,0,0.0834567107775474
bedc209a680941658e9920ddbd7e0a58,383,0,0.16295254805941017
272593771ac14162ad11c12ccb5d97ca,275,0,0.17598390046783752
23728e9ce9d749e18bf374ec5e76cc90,165,0,0.1464880259578139
c1b66bfe5da340ed8a2b325f3dc7e7ce,113,0,0.0672830215575983
e8a5c4071b564ddd85fc7f11ebabdcb2,698,0,0.09711905879941496
2139a0da292849d5afeb23ffa0de1efa,743,0,0.171450394947611
5a1fc94ba4684152a4108dcfc6382843,21,0,0.033574382082902865
720e32f39b79445cb5ba1aa925193521,694,0,0.12181957077595074
f7cb927b10054cd184508d66d8e6df33,779,0,0.0967095240059303
84fe4a63d50745c7b4e2d225079d9614,682,0,0.1484160024929681
9899a0a698564d318a798d0d09ec7f0a,105,0,0.17610057130558315
209b632871c04fccad3d25f7c568dd49,605,0,0.053783971519732854
b789f5746df24331b9e8ed05653d4f0d,280,0,0.1170903294935347
25e1b85856e04b758a62bdeda3e18ea9,648,0,0.12582640217059898
e8905692485f4b52b1dba40432a92270,490,0,0.12148031876555099
0d43748088cf40c8a21e0c717db3c73b,52,0,0.1008429048305638
c0ee96475d994903b5cf07d32e0326a8,287,0,0.054612961795769466
10cf79cd18ad4979aaed2892fd0e9354,48,0,0.15615956823552518
1e6c39cef8ff4b9ea3899f7c78b98d3d,217,0,0.149847377380889
7681d21b92c444748a17f8ba96f14957,189,0,0.17852106801691137
698c3c492a1f427689aa4a4182c51722,114,0,0.12056621252376548
84f8ee74007c4ca6acecdd6d1d89451e,788,0,0.17944885114800296
95b4b1ec4f00494492c1c10fea0a6e48,797,0,0.17057850840389105
35a53a1b4cc5468fb33ee57278c27f39,598,0,0.11867286855026782
6193397cf8454c9a8e50ac3236ac8c40,616,0,0.14927573248537207
611035ed57c54c4c9cdc4b5d87047311,101,0,0.13321242468914668
e1d503eeecc045aab5b718f22527cf9b,779,0,0.13322381538238015
1cbd9fd4fc844096b4c46d14e238e834,428,0,0.14549470715609258
19218e6005e3481895f85e36422ce994,355,0,0.17667535111527738
be978df598564dacbd158048730a1b22,446,0,0.1301540900426693
7a9dde75664041df8cd1399568914ca6,515,0,0.035281811883677794
36ceb3f3937b430996a4be5bc10e7505,132,0,0.10723585073061981
519f6104a15647698f53aa097a5c35d8,62,0,0.0790711118730007
ef4b9c70b447489196c24fc6d8f9eca0,701,0,0.1714505081261442
ccd6a5c1024542259703fef90dfe8fec,521,0,0.11936554880978872
f2cec84a92504eb1afd6ffea561e99d9,188,0,0.12612626879933875
9e6e07246f884db39e530b931e3b151a,606,0,0.11401330350337224
a5b8e0346eab489594d3f979b574a362,265,0,0.18070429846283487
c9b31017b1b443b583848ebb9361f7cf,121,0,0.15048988517838557
e838511757cc469a9b7fa0c7e1a0d9e5,40,0,0.09308419827224512
8c5b4d5d88ae4c4daf7673029d2d22b6,52,0,0.1325354097010225
5cbd6ef7c93f40008f6f548efea3051a,547,0,0.17972049841854987
3750470185924c5ba65ba94766befeff,85,0,0.17757005830205957
2d933530e2f8488e88bf207317b5bcd4,626,0,0.17583295748503103
537316f8e44b43d286f507340e4b1817,364,0,0.17695057861485414
e63cbec272074bfea6e6593d244a51f7,16,0,0.17278344284412794
c74914d2c3ac4027a95f6b35ce9c1b74,391,0,0.1689888681772413
65866a0136104f9c955a2004826e7f1a,618,0,0.17155171993256102
c608852de68241308b0722dcc50b8cb2,595,0,0.17818032757777502
c7c136f1de2946b9b37141411256639b,747,0,0.18034187705088417
556108c98f304b1d969f20e00462a47f,95,0,0.11494473860189347
5114cf87bff64b8ba1dad6bda3836a78,180,0,0.16832021464907576
edada9f9643648c291989334d0729ab8,663,0,0.17850934862599493
5b77e134eb57405c8a39083eed52a7c8,73,0,0.11710782226606647
f4ebaafdc2a747f19c1f9b26a8755df2,12,0,0.18256272373770088
59daa58306c140c9949c741360035873,254,0,0.17477074858291647
9d95727092b64fe193b1e8d4cd6382d9,614,0,0.02222116283635811
a535a01b772a4da484163773e109195c,555,0,0.14067711409359818
8c40dbdf2968438c9789f78db43449cd,207,0,0.16500918324508362
0c0a814d70d44df7bee9d252835d9766,490,0,0.1522303560047399
957fc5e1fbaa440b91b1ccff05456c66,556,0,0.1371925740913379
8e8beca22c724dd381cf78b0b73a5b9e,105,0,0.12906199726395756
4f8c9eef53dc4483834ee599f83c9e03,293,0,0.1759118896321336
c4d644c600424ba799d1d6bf2438e992,115,0,0.16526154561301398
d1d07fff6ae14c759929ca4865be3b17,288,0,0.16744075825338856
406a03a4090b4666b13e078af7876cf9,86,0,0.17413531558839174
33251f87de724cbcbbddcf7b7cb535f0,543,0,0.1579657113047318
22b98b7c9a564ea58de618abbc55631c,511,0,0.17710903333817934
347767ef8f5f43f58252d309e82693b7,78,0,0.09283682289038098
b5297025cd054408b78a101004e8dbbd,151,0,0.13851800811318954
f8f7290d3c1341f881931c48fd00a8af,591,0,0.16987542552702195
787a1a227dd749c4baf84379b04c7f1f,130,0,0.10369391381411186
98bd5a438e014e7c827d953b0fbfe8bd,492,0,0.18786807861687987
c6d40d982d5940488b5a64d78f1da699,341,0,0.1802518815733402
79e84f4ba0c8434ab0d8b9150ca03945,85,0,0.15698904357985227
f5002084f1204e37ad0380353a1004ef,208,0,0.18515399810795347
6f48306aabbd4304a8c78e1fc264d0fd,136,0,0.06311371999625781
555b2d3e5aa84b64b03451ff1f81da90,797,0,0.1350072127901818
9a555094731e494ba3b37293c9248ebf,431,0,0.1690200109019639
fe43083ec3b74e85954d7739d77c6887,712,0,0.09395055975784017
11f0abf3af0c43b49f8b3162a9b9b12c,55,0,0.1792819721451998
e1f5b7a14dc749ecba5a1e0a413de1d7,608,0,0.16897020810792934
8ffe7d3bdf0e46e388b1ad9c16105a16,80,0,0.1886229911155376
2d29717bd4f74f4e8a36e5d1d8ed9427,426,0,0.1878151519511405
1488eefe13f14585b5156387755b363a,454,0,0.16539455621270732
f401a87636904baba18903652ab5b53e,61,0,0.08651690502344905
c72d18776bf54f55993b42dd7c801a0c,164,0,0.16969879271975152
18f89136b2284bf8b1690adbc8f588d2,728,0,0.18724623691768338
117b35bd5e3848d5ba41c3e69c216ca2,232,0,0.18456607398824737
959feca3ae1640b18c41358460c8af15,386,0,0.07770151075546161
2d8cefbcefad48ad80b6063151ca66b8,633,0,0.15043728378263665
a328587d191b47d398b1d205c07f7d1e,55,0,0.13585005329359184
12382df8f7b340448fd6507fa3679bf7,66,0,0.14462741029017878
a1712a6dd3ce4fedb798aa48c3e38cdc,564,0,0.17768607560651362
e52da75e414b407cac8c8c9719eaa04c,583,0,0.02289074386207174
202eb34f340c41b4b971b738fa9b226b,289,0,0.18562535565516664
2d51856100df4738a229354539377738,759,0,0.15180631278475454
337e4994d3e34f77969e89ba5320b46a,391,0,0.13113672965263273
3527f945e8264db2ab545f273174ca40,698,0,0.06195274131209172
1a93b0ec55504f27a7ff5a37fd67322b,220,0,0.010100749373573414
c43be83c0b0642909381d59bc094794d,297,0,0.16744445698566307
347a2b11f858467bb3b71505f50f1427,76,0,0.10581598090750383
8b64b838c80c4699ae225ca4c59a39f7,15,0,0.19062761782408494
eee11d26fa52443ebe58fa8b2f54cb2c,302,0,0.18203269101363595
ccafd93bbf504d339ae010370dfb0a99,91,0,0.18115626353300784
2f160e72094043b5a5d719ff484c040e,262,0,0.048758967922675145
71ab39ce6e514703858d771327dac059,126,0,0.15419338827484458
f6e0f5a52d7a431590315abad8d1f9f0,293,0,0.13950437857042347
5c73beb0b70549569cc8728ce3cd432f,639,0,0.1172478378927691
16998ad3d43c409fbe61a85aebceeb81,423,0,0.16328258791288508
3b3e50de348b4082a57ebb39a0aaef12,635,0,0.12991696356927446
522fd4c2bda94c16aa2f404b2c4f3caa,574,0,0.1820117943409102
2710470c70484cfdbf24e70e6e8b5dae,583,0,0.13466663610850915
ce6a72c21dc64b54be6dc2f1988ef538,473,0,0.15997638653164337
f93e9cc482394f60bf791ff7a07aeed3,476,0,0.17855167834173313
ee2c5034190b44e4b8ae8ee6828235b8,443,0,0.1660946110319107
7b4d478c195a46748f41455dc9a47f18,497,0,0.12816083553797847
b1fa6d989c5548f7a5e52e75fa353f7a,558,0,0.14975795661278068
5ba977b89e4c48d698985cd581e37051,581,0,0.15678180022946597
6062012fc29a4117a997afe79f1f9d2a,276,0,0.16187328558066194
81372a9c1fdf42548d47399f1f655908,280,0,0.1769596341733915
3b6faa0b89324669a3559689d515f2ca,429,0,0.17621090657024496
ec99020b2cc84bdf981754a6946e3890,438,0,0.1641007469520589
66ff6fd7a3e1449c8b4be76f134a42bf,429,0,0.03212934341562662
bd046b80e2c240fe89b84d3321cf0995,709,0,0.07543183727609237
a7a99873d683428bae33e406e5262154,740,0,0.0958753105153543
5b5048a205414103aa3c85197f2e2161,680,0,0.1702779605176138
9e7ca6142ef74aa5aee310369d41667a,324,0,0.15147306667526006
40871d96eed24176ad7796b562552a50,324,0,0.14821250716775286
be958a05ade144ea91188da666a1bc52,430,0,0.0360150426947114
07aa0e26bc1b457cadfa421f2c2d2cba,195,0,0.11724465705569037
a6383ce82b204c8b9262919e363caa06,783,0,0.17727950308741958
406ee05beb964cf2ac2e29121cd1cd4f,566,0,0.10175481255911889
0e86969d92f745ac9592045807f25627,696,0,0.18307561940732325
ddf5564f74fa4315b5e191db5fd53ed8,769,0,0.0872975532731734
bf1fedc016a44b3c96bf6579e5d38245,595,0,0.09380273367143083
f130b41bd2a146f7b89f7d929f9f3602,228,0,0.1879321284356566
adf351f4c15d47bbb17532b44685590e,480,0,0.1699073346388616
b7dfe81461ec4f1485b74fe931dbbac5,475,0,0.15502012890949002
4241eabfa87d4dc48c66f2e2dc771091,585,0,0.1876605675443791
cdf8af2e31774c269992197fdc23516a,197,0,0.17207554987490037
1a547de820d4413ea4a4aae8d978dd9a,131,0,0.08786132614444536
b991162ac01440dc98d3221daaf7fe3d,325,0,0.17771083474987998
c7f1be5748114e42ac3328808f39e405,129,0,0.10621703436590696
9b1577b631dd4529bda0ea2e0894b2f3,401,0,0.17200962918855695
99a307beead843408d118ed0c923068f,566,0,0.05549337325725706
76610565eca943139ca2d20991f8e746,11,0,0.1569180231247435
57ff10b316d144e889804e9a39e08e68,556,0,0.10758142457643327
6e7c62450e8447b5877214fab6d2e8d0,760,0,0.18496187129938868
a6b907e5cc764022aa70cdc65d75f40a,52,0,0.12359399245509106
6a01bb2553f24eb6816e4118e64c9478,593,0,0.10349661918484293
3f0da693da8b4d24a60e267fcc5e4578,109,0,0.16010202723000938
ed48b35b639f4f1a9a491abe1b162af5,506,0,0.17834067668195708
6b1e2c12b8f94951b341c3ed65f3b61d,22,0,0.09714240515452699
6ad4c90b985f42509ac4effe7e009d53,646,0,0.07990854295235855
dd8aaa942348476780d1e6ee9298aa02,355,0,0.1831698917527843
6f77dce52d994cce9ef0255745ac1eca,162,0,0.15333917004109615
52b1a0a87986462ba31ab6f5d1f1809b,222,0,0.1733175882028929
700d524e2d804a63ab9b5b428b3976f8,129,0,0.15388137939565916
0709ebe1620a4885ae105042b8ddb281,725,0,0.10320688969507641
caf4c86c299d409aab76cdcfc8b4b6ea,507,0,0.05611622396154853
ac9091d579f843f0b4f9b0afaa5ea645,105,0,0.07955279392066
16cc30e388dc487981ab8ebb45d6a93b,443,0,0.09937279561260404
56c12a8f567f4cd5a8fc5ad6bfef5b7f,326,0,0.08907098604304636
75b60333b5db426282e76cbab6e9050f,204,0,0.11535304444719957
24b3c9c50908432095d077e309628e2f,523,0,0.16711432133237103
fcadde3e731c4da9ae477c42f923f9ae,543,0,0.159071784365238
4f04b24308f24b3dad4a5e9b53ddd736,148,0,0.10547426731058301
56a56d4e01ef43de89eb119b419fcea7,734,0,0.021663039640479886
18c87340eb5245d7adaab3e6dd29fbdb,329,0,0.1512002418164241
2d017320584d4e8bb726adcb87bacb2e,217,0,0.18261878507066942
36df35d11dab41d6bcaa4da4f1ce4fab,622,0,0.13859349743917615
e1b77afdcaea4208a3758288f79bbb2d,698,0,0.07711573146981021
9375d056cfe241eab64d8ca8c62bb81b,122,0,0.164299182283984
5d8d22db31434d23b285754b9d709d14,242,0,0.1514948503898152
5da96171d66b496c8e3650ec4ad12aef,589,0,0.18132231179169772
302fae338c33488fb4249b7bfd9da9fa,546,0,0.16595942985609757
0d15907d6ab84319b74491b30073b12d,71,0,0.14046903317050707
328317a5b0c645559914e38edde809a2,627,0,0.17891848384906822
3bc01cc4547c4838839776678ee129a0,656,0,0.17289073916581316
5cbe2382b5ae462eab77fd391d21b09b,627,0,0.16121921312469395
72465d5b77514ec5905cb1184049d355,141,0,0.14986081392213668
3777f6f17d7145e49ab3fd5d5c24614c,151,0,0.15998343046000707
bc9f58a112e841d181f037c87ba61c28,125,0,0.030557615970321972
f880a821598e478f8ded322d0beb146f,287,0,0.17372058064554508
aa786a4aa05a4de7bc8e1579d51f32ca,784,0,0.12042510551902741
c8b15733940c4971825b6a6dd0992443,248,0,0.12076114391369103
7f9df9b7c00243588cda25c7346100d5,210,0,0.17238955148648072
22bfb9e583e14834957069eed955d2b5,217,0,0.1582731558282942
2fb33da575c341d3bbb0dee2d5da77c3,192,0,0.17542841747368004
bbcf29a55aaf4e02b65494d651376845,779,0,0.17521009565014534
ce8bab5c933145f999633a378aef8965,464,0,0.17295312450864087
c3a932b229a34f70bada3fa32d2519ff,207,0,0.1636445813878427
7bc0d0c86cfe44e2abd3bc3ff4463ee1,702,0,0.1795836738251495
36bf7cbc47c94c6c91d1bd2206d41f9f,109,0,0.1078219106301177
226c8b1b5083442b921cb8e8bb6473db,191,0,0.1807128769961771
c3c19218c40d45b0a8a1c4c8c106ff08,514,0,0.05790194794130693
301de77b2e2d407796057a4e235f36cf,443,0,0.12706459648094137
f5ae0dd202214c3fa46ee1ceed0c2d86,117,0,0.17862175198678387
c7c52bb884b046cfa009ea95da6f4078,544,0,0.07751674276392612
2923fc64278b4845b4618250cd7ebe4a,733,0,0.1789753718984644
6c7d92fbba9e42e0bc23c5772b5c3b28,708,0,0.09701777928806699
c8757e075f304a9b9815d5bab66252ba,208,0,0.18039369255356458
c5b4762a8b23486aa88eefd91283189b,751,0,0.04923620710041343
29f515c7059949b39edd63c27bf73518,756,0,0.1748005136583508
61dcaae2beb64acabe06b692f5d76e01,71,0,0.08916891581291186
a1dd75defba14a3e8be01864ada086e0,696,0,0.07409232967132096
d0e2757c159246ecb046ee66c6aa1158,259,0,0.1736006975655741
a5fd25f3d9b441feb7ee4ebd20a51b13,727,0,0.17230210353664505
7c74050e3e074a91985d997c260b9bd1,225,0,0.16844240900833868
9ead38405ed54f0a86ee817a1590279c,591,0,0.18552437554469647
477f540191d948d2b71fd179b9d28ce2,91,0,0.18166678748221093
1ae3e94de789452183f85c5302545f5b,280,0,0.0491417876130239
381f446dea0246fcaaeb59823064d77d,695,0,0.08024394565711129
82c050c28e0343179508912cde4701f9,282,0,0.1295734025820221
ec139ad0f47f45f182277409917ec4ca,627,0,0.1546043565886412
ba116a81c5d546388a8a36ccebe42a3f,355,0,0.13340007229482143
181fdda5d6c040bb8760568fc7a0edaf,638,0,0.17256792397334353
70ac0ef1ad91413cafe2d1f2c25e22a5,301,0,0.18108384511366016
a045a4f8593a46e79f0a5c9c251be5e7,54,0,0.13113648003298928
1efc8d6e72394da1b93bdc8d22343feb,0,0,0.18341158432759125
8b4fbf91c6a44d4f991203853e8dafef,514,0,0.1349037234587182
ebe239013f4f40c980877c35c7015fc4,277,0,0.18691065701884557
c902306d7b7245d5ba6408c4152779ee,82,0,0.1622460233578945
2ffd6d6e737849aca9ebf1244a365cc3,694,0,0.17459145510361063
93da034246e94623bd049458501a9362,267,0,0.17975215823807417
4c5fdc13e7f64a74846727433f6d2544,446,0,0.0986003006995731
16f79f194d834fb98ad8c800764fdff9,786,0,0.18216749364962137
c6109bcff5f94544a6fa6fdfd1cfd9da,312,0,0.1851187600523158
9da5eec6c23b480e81eb01c8d37b1d5d,447,0,0.1826435826990584
b4eda682e72b4278b8ca1e17659dea46,701,0,0.17211462295921515
3828f1a1121d4d219d3c1a10015b034e,430,0,0.08735420763741797
65b0bb6b839443b599d2feaffb1d0d1b,248,0,0.01612550194330442
2a0884c5992a46e98e0fee861afeea1e,579,0,0.16899542845644466
b9e983c9fc2547f885bfab6507a459db,55,0,0.16786173521878195
5b02a298fb654862a33a78a9551b22b5,109,0,0.10101243712077534
65eeee3e8d654e6bbc4d8e2292479259,493,0,0.15870630304401084
294c7d362c3f42928ac0ece08bafdc47,523,0,0.11994510800033864
68922513cb6a426b9e342ff2c0bc0614,575,0,0.17666410973099006
4b69db5216c44c6b86d1389a1c958f2d,158,0,0.1784292010284832
ef8fc8f241a14e6bb49834ca79caf45a,117,0,0.0762767916618654
4548fd6e44644d41b93d680da10e08e1,99,0,0.18337472948111772
4eb0398c5b6b4a458974f4e7792adbf2,188,0,0.18169463674138192
d2d121fb09304a0e8e1383e57f2578c5,449,0,0.12751596645988145
6a6ac8b8267243aabd98f8b0766768e2,651,0,0.1424201620488017
d4ae1ecd593349f39773f806a1557d2e,395,0,0.18433846668992737
b92359d70fe54cb39c18c1ff37538ea1,363,0,0.17265071921336622
efd53101ff86498baad6d644415f94cc,515,0,0.1780249153424081
bb954ba71a82428392cade70a5ec50dc,671,0,0.12114092742887805
8f44a52ea2074523b863561eb6d9c99d,143,0,0.15839172322729056
9657dd93344642258f7e806a0cd62289,660,0,0.17528420187564792
6a5535655cb24ee4869c081800796efc,589,0,0.1288307798363435
6a303c403bd948f8afa01f6c8e723c5f,265,0,0.16535077731818482
9f3d783e3b1c4722b355f983117459ec,598,0,0.1688867426803926
220692b6f1ad4235b0988e7255c0fe85,750,0,0.18438915253487398
9b1b411ce421426bb1a5ebc55286e13f,695,0,0.1322155671375927
1c614a2eb18b4fba9a685a72c811d3d5,750,0,0.13771754171216172
937eb7c5a5354216a9569e7e8accb262,745,0,0.054317963938184055
61410e26b19a44c0942120f27a45c31e,256,0,0.08151402249102824
5c16cdc991af41f48fe23de1db1e2cf9,74,0,0.0553088710041556
0542fb72a5c84aa888777173477a0cf8,136,0,0.18730126077026166
f76b55b315fb4cf286a2ba0fdb923824,258,0,0.15481432934984568
ea802fa793c94b97bceb0f08f3429491,165,0,0.1618278719460048
4f1ad196240649ab960e42bb855c2f38,684,0,0.11510805060356799
591fd865ea854a51a19dedab105e6960,5,0,0.1508549953946955
7d3088f73c3647a69adfd3b4867363ad,189,0,0.18105120493426158
1edbe0bf7d0f4f2a96977193cad5e5dd,584,0,0.18187582461596863
897008a9ae1b47c8980afbb464e4b153,385,0,0.1506882823935073
35d16986ce5049d682d58d38a01ca21d,103,0,0.16921794949656466
7938eca7235f4e2f815f1f749d553329,547,0,0.1183088735328719
2646a8e35bc64c75a3aab6958951cf18,113,0,0.06489696543492557
708a85b43aa44f7e9b4652293ca51e44,431,0,0.10146546026678743
58752f7ba98e4aebb3bf93865d419848,209,1,-0.10652279021775324
57f599f3edca4103949a838c9a44ab86,577,0,0.12936693229163604
28b5493e50834f62938cd12c59c95683,82,0,0.1029987220439702
20c955f37eaf4305bc33c6d412667b4c,740,0,0.15274821448210224
3160289ac39a434c82f5ec0da06373d0,665,0,0.18607446450994147
870e8ae4b6c04ebe8f1c93c8f56686c6,388,0,0.0784283096471487
c65f4a6a94a0427e8aaa44631f84d6f9,386,0,0.1833933803429985
ac7cfcb1da83429781f4cebd4601a67b,141,0,0.06609965696085979
1b52bbd7a69b4f6ca50dfa59c9dda34f,237,0,0.18469113535302117
2aa73e736d0c491092d5557aa2d59a4b,770,0,0.18156890193544273
faec65365d6e40478345e4c3591657f5,737,0,0.06342091116656451
a3e5c9da769e4eb19b5fcc2161977452,289,0,0.08631418441648947
0d47aa914486450692ccca190c985241,620,0,0.1635223767886262
03bdb8b0b40b41f298e4ff0515be240e,556,0,0.04359373148710771
2045730865dd4a318ad50e8091477060,730,0,0.17635299557607798
ac22a0096c3c415c81f7de2f72a6b6a7,515,0,0.10730425438639879
9ae3017bd7a84fb1b9fd4d346fa82bc3,636,0,0.1612974394819534
dc31e632f41645778e70039aebabd037,533,0,0.11299556127975069
ed91e53af2fc47baa2b750ea54606ce6,215,0,0.08444503404397397
2df00608c2e74779a66d53b43d21649c,450,0,0.14300974200689492
9a3783ef227a451ab84be43dc4ce0b0f,510,0,0.1809572050336098
43eaff3537c94c40be445dec80e17d47,86,0,0.1817188623366089
4c53b72b8ce04267b004852abfa970d3,391,0,0.17519148775701737
f70e1f9c91e0481497bae4c3748f3855,188,0,0.14459551903825463
64ecf28ee07c40d5887b3f2d4aa51e8d,554,0,0.17288761148916787
94f4501be2db48068097baa528830f11,344,0,0.17856008311609117
a9174c98698f4a86943abbc4cea8c1f7,221,0,0.11369074048828998
62568068abd4483b83e2929d43835f4f,636,0,0.14472077061252442
75f9d26313584f8abe3cfcfbbcadf7f1,753,0,0.18562304335695595
1bd1b06db4164e7c87675ffa474844bc,738,0,0.13848244204553106
0d2c10e312044603a72f9f35b0156055,547,0,0.13968983580416539
5c03b7d54a254bfaa78ce897fb562422,698,0,0.13585364051445925
5db7355c43b94fcbb90e3affe1c34413,555,0,0.16350508338637176
94183512b28c4a58aa1f55926b350a6c,275,0,0.15602888911185975
340c4b55833a42eaa0f43d4b1f412a8c,450,0,0.1437681639365364
3799e3ddd21d4dfd916e7ec5443bf81c,653,0,0.16354735406630838
dbe42ed8862044dba665d54a49899f9e,81,0,0.16877510244300636
c54f4ff70446499cbad0a14b45bd80e3,184,0,0.1788180083554125
c41ff76b99bb44c28629307ae391faac,232,0,0.17368420332494994
53d966dd5c214d5a890683a8b86efc19,700,0,0.1745715652053923
5b93b19dfc2841229a4e6a5db00aeefd,734,0,0.14967338155034515
b9fcec49dc804ea1922e035974da543c,694,0,0.10954398043792418
4ef0bea7f97b4383a57041c19cfd7f97,614,0,0.07502665858357332
8f1d8df875b54c598a8c6a07f3d18ac0,523,0,0.10111367866806265
0d21414d5e7e4f3da3eb60399bbe7c33,697,0,0.17211718923523822
a4ef4136c514482a9494a071d2ef187e,667,0,0.16841099043512336
9e766f15455740ff859da8c160406a9c,377,0,0.16575585071921328
8dc2a97c994f4e8e95fbfce24e821778,595,0,0.15323539149142623
e3f1e9647481476fb80be11cc7787666,52,0,0.17704577009034778
bdbe81acb44041468d658f24f04dd9ee,589,0,0.12018614598969452
68c4cb45846848998d01c76907b28fb5,466,0,0.18528083263930029
7fe74849b7db4e74a8dc1bf6412fd265,750,0,0.10997545191953739
2989c34f8c7847a7b42db704d917b68c,573,0,0.18431654148519366
c7f2b0193fa749c8aab7bf7d7b963d79,235,0,0.17433325454426807
4e419a660fac41fa9cc1b5ca9bb2f925,550,0,0.09283600791563484
188a3c71ebe34a74bf84ff72dc0e4278,266,0,0.15906982714281814
bff3e9e30ad24cf3aa3da82844bd1762,431,0,0.1119123016261443
5582e6f650434f77a47e020640a78f38,791,0,0.17386042234372118
601bb917c0804fb39708a901b97cd494,123,0,0.16305787427984691
ab3c758d79e74822b7cca525a12d69d1,34,0,0.1604540178184785
9186a52499794f48823189dbfdd33e27,135,0,0.14038313255750295
24a44e1d59d64996a71d416bd2766081,130,0,0.16799655085018345
3b23d35f57004f8788b90ba62d9b42ab,344,0,0.13945046107317993
384e041704f74dd287d7001e2496b37e,739,0,0.1524218520270878
b988c5e25d8c4688a65a5773772aee10,418,0,0.15642354764991406
152ab46e3a444cd286d22682f2e19886,521,0,0.16976773170068093
d05029543fe9400baeabe994de1f2adb,664,0,0.18230305711043704
e40fc860af4448069013576d47079ae5,349,0,0.18292612146566184
edd27456ec6e47608872b45855a7b167,752,0,0.18746540885545204
a10039f599ee463ab3c81e64dd38b0a1,284,0,0.11040718918367554
9f9efa3b0e8c49e7874b67666b9339fc,121,0,0.10705633628605221
66bff727192e483790e13c13e9e62baf,265,0,0.0924131157940894
c049fbcb283348e2b814760a7f2514b8,682,0,0.18221003823501236
91c3bea08d134d7cb03e91f7904d70c4,520,0,0.1739335443892111
4891755861f349c4b2faa296fc54752f,552,0,0.13937838907881944
82860d64be534683b536db6ce81e6c54,26,0,0.1288887949290417
b3b6e3026ccd4d64870fb96f0b528131,436,0,0.045038623141123
1a46bcaae6554338939dd9b26d970cee,112,0,0.12290543696618594
8e6785cb075940a8afa4cbe6525afd4c,122,0,0.1769104132997939
65448fe87e384a938072a4560a0b2c1a,140,0,0.17814642345744747
a9d684d29f8843bca0f7b1042ba45a4f,362,0,0.18021972868429736
4f2308d615df44c998bad3f9df97a6ae,76,0,0.1836670057492888
e185fd57341e427bacbe9ee0ed943d30,525,0,0.15743394908834135
c8ac4ab505ec4fe2abab5c74522d0472,39,0,0.11257421663506101
a082e5e2949644eca1b4c813eeda4b32,533,0,0.017239598788181154
067fc90d14df4a38af10fa5d16938a97,751,0,0.17730975577429958
ae64b1b2cef542e18d83cf8a3eb8001f,528,0,0.18133298407998527
802d266b545445478c3e26b5ee8c1318,68,0,0.042391647460904125
32144179621c490b9ba5e1770df38977,39,0,0.1521891885726232
681a6418e91e4a9785a00e0c5f7e11cf,184,0,0.12783341026383793
67aa301872b2463faca96a3a79de37cc,496,0,0.16838142439460768
1e92062d63c54767aa83348bec6601b0,302,0,0.14319776678081542
9e08e7e0f1e345fe816a94e90a22c3fe,457,0,0.10965655709473104
1b0027a8dde74d9fa1a5f8287d448df8,180,0,0.1751199629241071
1ac908479ebb4585816e85b62bfcfc4d,407,0,0.17624322357732614
6c26492453684d6289d070b26e2f275f,500,0,0.14914195063882718
c86bfea380e14510a3e94bdbdcd468d0,519,0,0.1445501806465901
07116538306349c886ba96c6aa480448,224,0,0.18833626026754052
28812d0f2ff547d3b9fd56daada1ab37,226,0,0.18686466167031923
233df761d60347bdb7ed36e6cb56bd12,640,0,0.15677347688763626
39ab8345ba7145e7a126b2b18be52a21,337,0,0.13410341428965344
9ee53aafb3064eebb6a3e744138cdcbc,739,0,0.10827044022347554
b213fa654b00449783b9048b68594f7e,361,0,0.08393671949722725
060bfd482a2545d1a933e7bba3c98ae2,548,0,0.17575856467889878
75572c484dce4f658d45abd56fb38e21,382,0,0.17181002984486604
d65fb0623eed422aa489a36821a994f1,104,0,0.142675049806745
2a3e73b7600948609f12590330b533dd,308,0,0.15158656713477964
73cd86265b4244de97b10ca321779219,126,0,0.07278226979745245
eef50387b9384a7bb1cbb94ce89e434f,276,0,0.16563887317508658
dde08ff31ec7493fb8fbb3f750c142cc,780,0,0.10275220911900307
e41eed1f3a064cb2ac8f3fa77bcf82e5,155,0,0.17852413103213183
ea5e787128ed49f7ad97baaa263ad3b8,319,0,0.18137037521155058
e84b37bae1b54cd5829d3963288eee43,482,0,0.10662338484695572
a79872b00f58402d8338a015c320bc36,227,0,0.18136056092164976
3e912bc82db343b6af2a64597e392683,719,0,0.18545056380157232
15e654eb4e324206b0ae6d3e798f5422,457,0,0.16020674674243368
340b3ee8fcc34947b1e594ade0b9f5f9,645,0,0.12466824606968846
658d48c84c2941e4a355e8c22f8634d1,758,0,0.03608841429345627
96e80dea0957409c8c2d1f2a0bf398e5,320,0,0.1821841772663832
5135994459d24c179eb817884b1e60c1,526,0,0.12635191831300463
8ef4a73e2d704b69b0f28ee2302f527b,434,0,0.1540810542685322
a344661ed1ed4fc5aef8392986525980,560,0,0.18160885762486934
b7dcce2d7f85431abb7c4a21bd5277d9,737,0,0.16921930695389703
232e20b6fa3541b9918934e9512f7cd3,535,0,0.18561667324163345
b607aa3c3a90488c8690ee2526bce2e0,138,0,0.14318672200596377
91ecaf6390a14fd88a44ecd0924dff14,183,0,0.07255853289737618
9f8041fecab548ceae598d26a65ea006,192,0,0.1781257747248473
e6f00740827c4496b3ef9f549de6519c,96,0,0.13490790485332016
b5e0f51c0362460086059067469d866f,160,0,0.1852411318408862
bc4e68fafd3b41fdaeeea7e66f471b4d,197,0,0.18203936666616471
24ebe322ec0a49f8b77fa9ed11e05063,639,0,0.03654220661202284
8d96fe955eb04f7b90ca58d7f4e6721b,577,0,0.1793007011219072
00a961770fc841c48d30cd02abbc5e65,606,0,0.18032782651501672
d45add7b0a2945b98228d5e9fda77bad,237,0,0.013174472548075244
7841fd4faa77449aa6cfa5dfb76b640d,168,0,0.18342872614231298
fe206deb0c2849ee9be1bbf9cdcc85d5,523,0,0.09599811813957865
558fbc0464204df6bb9a83e31a5a3640,512,0,0.18934941829442614
d0b98108e660419dac8ed55fa0c7d579,543,0,0.1469270622508705
76af849f4ac649da804ff048903d69de,648,0,0.17715906972966522
57d7b6f8bf884d11830c78c8000827b2,573,0,0.10286959342024082
dc9ea255c8de4adcace4766ce5a24e98,445,0,0.04911633861710141
f2fe16188cd8484d93e01a89ffb8d9ef,374,0,0.08728651961950495
7456c748679440d2a369cee12a48d979,434,0,0.11930682226606831
027a050af25e401db3a527bb62fac06d,765,0,0.1834700333324113
c4edcb83efc6427c9a3b68ba55a78a68,5,0,0.1680533318623344
c257b7acb7794dacad0b3d0f99216b84,259,0,0.11151115943451939
2fbe9061703d49b596586ac78fb70e73,281,0,0.15926220019221332
88ff340d5c4f4beea7837e24541a26a8,31,0,0.07394147299621662
eb29ae4cb755452b85cc4dd384eb3c13,465,0,0.18423042023823694
28fcf5ba687548ce9ab344480792341c,722,0,0.1254769267716762
ab58db0cb4f24cd3b7bde3c800ee8463,134,0,0.17355090188682215
5dbafe7ea216474e834232c5181999f9,63,0,0.14179240389822712
35c719b8acf04c279b7c3900bb5861e0,670,0,0.17614442610212977
d3e897247e9042f187b4eca40daba678,324,0,0.16357689995398988
b08d3339d06a42b8ab51415d11917d68,739,0,0.07417088107966024
b004751046d0446c923640fdc3e9603f,426,0,0.1652329550713476
6971c1c7605f4778905ef356cf0bea14,779,0,0.16237023292612163
c248c74176d144b9966e2664cfe9fff1,282,0,0.0507920658538632
60bd0bcea89441b28ea51668134781a9,280,0,0.1844239069113514
aab4d7951a924d178c3837dafe79ffa8,713,0,0.00194598591817563
e190f0ace4204b63ac99f043baffe1a1,88,0,0.12878430349514103
46e87645d466463583b6421081364c8c,20,0,0.1495313503312421
d694198091f14e2484e4f030be8c7d91,83,0,0.18361333559306153
fa2760d0310f4c6fadd19f7453c399d7,657,0,0.1776315590611519
aece4dc0e879403d8708cde42019379e,317,0,0.17814087747040752
8d8ae2f1c1664fdd88ea683693661d4b,578,0,0.1519282181174818
38601cd479bd40a7ac788231e78a8a9f,204,0,0.182435919204474
c0c0d5f35e724b09a42e0eabcb94dcc6,94,0,0.11981007413536254
9b853d18c698427caf1b62b2d8719b88,355,0,0.17315911208011509
9ffa02d89551449689961a6624cdaced,791,0,0.18181625502854948
feba1e1ad0a44feba6beda0840d10be2,118,0,0.1793459154479125
656098cf6cb34408aaa3fb6628c31c62,600,0,0.150067347467032
1777942dbc5f4a599d6be2682bed11df,34,0,0.17910776392239391
713c5992c49d469c99b4dcb27004df25,22,0,0.17623847235660312
ff8b6cb9a07443d998188ea73c90c147,748,0,0.18496747224093923
e502034224904ffdba3ac239f9b95d1c,519,0,0.017123212114783737
8aed007295234f3a8f4cdff8b050bc66,536,0,0.08751805869380913
311f533c23ff4c5d8593f32ad05e04ce,92,0,0.1745066682009413
45f95c8b3ff24f329dbf718d4c92f684,169,0,0.1495396929414181
c2668c88aa464cff82ec660fd81de55d,308,0,0.06512655443971005
5c0c7944baa0496eb10ced37ad86916c,447,0,0.1870614530443428
0f107a06d2df4d6c9aa796883bb69397,794,0,0.17373538927807647
bad55d21f3fd4663b10900ad2a7efd2e,482,0,0.11347061041843243
1488206f9a344869a8ada39de0037133,98,0,0.1843768629181729
45b275001313448c95fd9aa7e1bcd1cf,409,0,0.1733187707985478
018a89f07d8e4da098ee6a6c89d287d0,434,0,0.10847374271712423
8e169b85963948cabf579a07e6a7bdd4,758,0,0.11996914946672466
607418f97c6440f7ab8288d005ef3ed4,182,0,0.18274744606767107
4e5811f2fa594a1ab924e118424e52c0,1,0,0.17233138377091856
402523c06c4049caba6bc1aa774271a4,141,0,0.1539808282575863
bec96335f27143fdabb343e23089f19b,267,0,0.18189630262973017
e67d9a94284e431e90dc8d0b746b4e56,529,0,0.1751537707414445
d677b4d56c874d478174c91b8f922731,702,0,0.17774385861150366
02e9e68b5000460990a7569c8b10f055,12,0,0.1807419532513811
6eb3694f0de24a6b873279b9d4bf1603,465,0,0.1328704750514968
571c51f8794044f5b0752070985794f4,373,0,0.15909724566911787
b087cde6293c4198af3147ba3f255ba7,7,0,0.17021238250315468
90696262025f41bc965b0de0b7a10e97,375,0,0.013615933293123161
cc354ea4b48d4f15b1287f4614967304,555,0,0.1886569475874303
87b43e466a814486a2a81c1cd6dcef01,457,0,0.0908570626725761
544ee1b9e9dd4e69a582749cc8a42252,37,0,0.18197019719194546
b61e245b86e2463e82fb854bdb8ca75b,547,0,0.1858064623500013
64a4957d9ace4dc18788e0be20d515b7,281,0,0.08365814046265962
398c816f892548648d80e4087006dfb0,750,0,0.18635026932738036
0fb1296047834620b228679026f44252,334,0,0.1288697109252721
83e73bc2211745df9b4260ff924232fe,103,0,0.18845600204375812
74e089fe597d4190bb87f7407517b853,738,0,0.04711229431756048
4d08d05160ab4bd48215566bdfdb77e8,196,0,0.09865102178969148
d22f7dbc14384a739bbf293508673061,764,0,0.14464066243456547
1fcec1abd58a4ac195ea2ea2458ea9ce,619,0,0.11600481876625401
229dce39d29146e1901cec9cdbe1d3c1,99,0,0.163561155759624
7ce3b93252154977bfb8a3fc9b5a348f,626,0,0.1856071996898841
a45f620a85944b7dabde1c2b98dc830b,571,0,0.1433004431702909
42f158e62c2144afa7b71feefabdcca7,455,0,0.1840961964084134
eaad79f0bb874f2496fe162ab70b1333,585,0,0.18465676816417942
560560543bab46e98374f79a6f5633b7,212,0,0.17860415104325783
6de55153d8324289a49522ae6520fdd3,322,0,0.16001895719471287
d633bb3037e54565ba4e1553b51d36dd,170,0,0.18873778833074373
7942787f9a45497da2ed1d582c02b5db,23,0,0.05845222264355021
5bebf9878d974e0594f8c6fcae7cbc39,502,0,0.10520269977544039
8eaf7d93a53e4b7a970175500ef267c2,216,0,0.18572167147461044
4b463a2e4b90438fa82b81caeb1a1b3e,162,0,0.15807568039057907
57f7a6d022444ffa8dd1ae6d78f9173f,418,0,0.08343404874188254
a3d7059dd1104742b4517855bc830a3a,327,0,0.04379339523609538
21976d943bad47f9a1dc692f86010594,651,0,0.16875987556057576
e36a261e91fe4acdbd5086db22a55f3c,774,0,0.16323609931831912
9075856fee2748809e9d1b58e76ffab4,699,0,0.1427997501201374
5f8995d8b9e84cd2b5f142d763833d5f,428,0,0.17187651793536707
298bbba72edb453fae25debeb29daf0d,634,0,0.10976495480872683
7bc5691796a4479893b67116c9fafb17,23,0,0.15886842792481465
dcb984a232704b60a4427a62f9400b88,700,0,0.16042313694813792
e7c5efd30d6d4806ab48327bf64831e6,468,0,0.01967923030319585
6d4c162c142f404981a1791813de26ff,300,0,0.18049740950771653
db2d3ddf25514773b3632ec1b9dd8149,250,0,0.10514885060298002
f884684206bc4973ba6b827b55b44e68,181,0,0.18146283871249003
cfc5ace658174ea2b23ec18306f98d76,618,0,0.1633065735768996
490dc7a052a641b6b24f648e3d036b57,71,0,0.027937686874874246
12d7add37cf84708a9496655ab1f2c4b,532,0,0.16785407336238584
890a9f7c5e6e4fccb481ce1d7314a627,266,0,0.08895093891773898
42453438185d488fba230c5fc3ddc778,546,0,0.1614137406339043
7bdffaf1f9e94e13992d98f97eeaa2d8,299,0,0.1557968621195061
bd029b63821e44fe81eb6107b5457e42,733,0,0.17742881777767383
7d916c2b6a454746b064308216924a0e,114,0,0.1869687882848663
b21eaa2876c94a7b8dbddd295baf0944,145,0,0.0804206963586625
c8d60797cef44b318d9e2baeb57e12ec,710,0,0.1819963743928969
c2607de225e046e284a3d758cdd24426,266,1,-0.008261339512128929
bb01b9d1ff8940ce90f2393d417a15f9,581,0,0.0873238683301314
deee29018a6e4d44b5ce2c62915fdce7,26,0,0.17988519768440636
320758c33c01460d9edeca33fd805ee2,450,0,0.15475156063191076
3552281e736346ed9b1edc7998cec5ce,216,0,0.11200855216947164
f55995a7d3384c6b8258fa4ccf479fc1,415,0,0.15570463381764515
2c6ab609a75341738612f10af2498021,601,0,0.09587595846934971
a06881805afe446185df9af3bdff841e,173,0,0.15886986470267644
7f070d29f11043c38133247309776764,388,0,0.1556043071488612
0c53f49427844728810876886fb0c30b,510,0,0.1698251486831739
c27d3608e87c45a38f8f2780dd695e76,536,0,0.09331539816441309
15191387b41f45ce9855d87e90c61ad8,68,0,0.16890483419302854
c3dba198b13c4e7b8f843dde541b57c5,580,0,0.1731285819579867
c77bd48d0dee432099e90131d8bb8a04,706,0,0.17923623524923926
bf3a271c070f4adda66b121400b9a01c,181,0,0.14942838005390974
a40b642cdbba4caab1cb1a1940c78138,760,0,0.17382640095847984
52ea3bebf0c242c990f4329a28114f4e,535,0,0.17842878535828338
b631ac5186c3448a8373218599c0fb97,779,0,0.09756739253044622
cb4772790a7b4cca98eb699c3c78c645,649,0,0.1257575516131727
af05422377854cfea3af0e7704438020,487,0,0.17339776707877358
061c596630f948079c563e8bd1c8ca76,796,0,0.07739446048871151
d74c11034ded44e5ba8e85283118d2a8,277,0,0.1856985224739014
60421ff54a3c45f488f83885beb3964f,526,0,0.10181438449168106
5db589dcdab84cffb6bb547fe4c7ed5f,281,0,0.1217615673653718
2e98bb10e63a4da1acffa06144270c37,774,1,-0.04039343033761533
9f2e55c4e95c4814923925556d901df3,183,0,0.18450947480510194
3b4e785893d340e3841c1a20553aff09,453,0,0.16311797672313216
67edef96fd384d5c83e632e790b7222e,781,0,0.18259721729671657
8e28fcd306094100aa3c5dafce5a150f,543,0,0.1472292106092799
c67a7a93af40440b9cfac5c8ecdf466d,584,0,0.1740242643918029
0031b06e0f254691aca05fbda3c4dc16,528,0,0.11738474017288192
2ce090963d1f4989905f26804f0611c4,743,0,0.17936720106897125
bd358a3570e7461592d3e829e35b7cdf,148,0,0.11920328030939203
ff92286d6b0e448cb5701f232e051e86,418,0,0.07394231704709853
5227d1d2b7a94748a31f545118788b54,280,0,0.03703260000279873
bd5dd7a040a247d4b9f6c99ff4accf92,382,0,0.15363075662722214
ad5078adf5fd46328da96523481fad37,571,0,0.047765860250318815
26a4e1872d3e489fa5d550164925ff36,515,0,0.0843363187779046
302025d2d70e450cb3f641d21727cdb4,333,0,0.17909278212285396
289b3c88a23b47a78d771b4199047ee9,384,0,0.10790788653692596
682a7f9c40874b9e8b48033f093670bc,282,0,0.06705780607499062
8ece3ee851f7433d84cef8f4a8e0cf3a,137,0,0.13286272571768448
9e7605e1808b472181b6a8ba2d9ffd49,750,0,0.08513053393003134
b526e5c3c6b6460d83ee90bede0f20bd,559,0,0.18796220916047535
dcf357f21b844f9989d931ab4b1ecee0,298,0,0.16107759666253274
04e4de6df6f5499db3544c1df17301f1,791,0,0.16986207993669683
09ae9900e1134a82bd27789e9163ae87,261,0,0.03496806651975726
c8f8a323c3bf4f89bcfc4f990f59de3f,405,0,0.11900009460226552
dde81b315f4f4bc9a04af6f6761c8e26,541,0,0.07246574586194637
9be9e8c130fe47efadcb1db2357ee0c9,16,0,0.15399491033808382
4f9751f50d594e329e98daf3626ec45e,551,0,0.11255089314149269
b0e762bf6fde4c62b94ec4d6a9f1225b,94,0,0.17155567889226248
c6d39b5163764d50af7893ab6ac0ef60,525,0,0.1372510521245851
7b35f2e99f264fcea25f99e2407df273,665,0,0.1690322532382919
be5eaa0b03f046778f632519c01d0733,441,0,0.18180879445318587
a6f1250bfd13452099f2bf6a4ec77f36,464,0,0.17896894459769452
9695bb750e664abea62493418a3a4fe9,588,0,0.09931267492632556
9281a47a290148e0ad283402c156f3cb,399,0,0.15793346089079546
a24c7fcac213421a8aa73064ceef5fe7,228,0,0.17984553286774685
8c8a97c1390547c6a8581e69673b0b5a,590,0,0.1820414858088943
566e0750fef04f2787575c2849790cec,103,0,0.18269484779502165
c49a9d4ef603413ca4b69762fb10216f,356,0,0.17268021232357939
766e43c1c20a4f0fa1eaacedbe4d73fe,213,0,0.18358666121179218
b8b491f0c4e1428682f81fcd306ce831,222,0,0.1596341516289143
3a3a4e3412314f3586ad159c46a4e80f,450,0,0.0140454140277807
d645a41153734432afe71f0d2be8abbb,389,0,0.10955315808546812
075a6b81797e437e87548a613aba25d0,210,0,0.17753918510056937
0e825c8f7fd5428b88e7cbb660492a3f,179,0,0.042454958992362624
ec7a50e0c4bf42f0ac14b639f7948767,123,0,0.17112572355450334
792b9aebe2f84906a1881509d9a0f35e,425,1,-0.011059841151145111
7aa8151d8ad64f5a93329c7c98018b05,114,1,-0.013225157295297163
8351b2430edf4c9c99001c087fc9de81,102,0,0.17934066660698966
b206891d3f414229a88d0bab466b37c6,667,0,0.13828227166064505
f5dee1df30964e6082dc64f5f105a1ee,482,0,0.17231981758881676
83427456d77f49c585e5c2f4a0f6ee1d,331,0,0.17489837898328753
74cd1b596dea4eb7849aad61e32b0148,610,0,0.1003764859732994
5cdd64871bdd40029dd779115cfa2947,684,0,0.17404150392769135
32bea8fdca424425b7e79dc5508243c1,752,0,0.17077112693538088
4302fa0c94f6438d80f11a09fa0dffdc,612,0,0.10523112791718187
4362223648ea4432be716a739ba01029,228,0,0.15325037609090575
dc954485af3747228f3ee31bffbba81d,475,0,0.17524410393003997
6979e651afbf4143bf2b6d91263de2d4,652,0,0.18455030290763108
56f2c1741c124c5c847aad8114787eef,98,0,0.07144654463773714
7f8955d763fb453f83954c8bf0c625fc,132,0,0.18667457611366212
6a5bbc3f03134f91b23ebb6f1c77e627,761,0,0.06776845324577752
c3cbc74305544355b5a5cf3526a17ba3,255,0,0.034730657334477666
91423d1536914d07b94a9689d8b356ac,336,0,0.18299827845229416
281af65383ea42d38cb25d249cc7d8b2,591,0,0.14001806213891554
f88831f52328409e887601ba909c3c87,335,0,0.1666280040405823
644c22e73f934b60a1b9d01179c1138a,394,0,0.13856997832788848
852a0de350bd45b7921906ea786a7a9d,146,0,0.04786008707976197
0fe428be102d4d3b856d1157b6e92bab,585,0,0.18086719681159424
ec454c39c67b40b5bb65be94110b0c8e,591,0,0.15270545388313267
94c72359e7b3404ba933895eb7ba2232,450,0,0.1453793040346602
0ec23dce9d9d4863a553d300328206e6,345,0,0.18324652278125242
48cb006120d042068ffbb55ab623d9ef,499,0,0.1246234060053053
4c986a72b3e045c5a63e519f0016b579,98,0,0.16679295266469074
79abdc489116411ab1629049277427a7,64,0,0.14575663267530375
da2106d0e7394342a2010f0167cb435a,96,0,0.17524974286911527
7e9469c9486d4c9daa2d0393cf1b3cae,729,0,0.15877900392374128
3393810871354aa09cbe3909b30e2693,566,0,0.1259875053034022
9561345f6da140428abd7110acd17113,516,0,0.16866428320464283
5888f135e2a045d9a17dfd3f61a9205c,794,0,0.1657027896833994
96615887351d438f9eaee8399a0b6d24,543,0,0.10361522229696363
d3ebd51678a146ee8910b99a33caf189,543,0,0.1142152190674589
c8f2b05a8ab941dd88d91e44291a5fa6,649,0,0.10148523570787676
7963e28032b542c5a26c1dd5412fa30b,733,0,0.15066465329374656
4ef05dc7cc8142519cefae6bc890500f,410,0,0.16885794403271698
09ffa78e2fcf4cacb60ccb5ed15e9fb4,329,0,0.1360543566628456
e281afd769134c7f8baaea76c52b9c5f,725,0,0.1682713013033333
762c7bf81c5b426db1687c673d383ebe,627,0,0.08928547497735573
cef87b41bb3b45cea331076b25cdc79a,492,0,0.16272440726527904
931840a5421e46afb8192760fb0545c7,163,0,0.1814288645736999
1d70ad545a3a4e8c9c1cf6994ca4f214,358,0,0.019570322993430977
7c031ab1475e47db85129990facf4cd7,210,0,0.15084468590647293
823c43e042ac4d309e00505d27969477,652,0,0.16302568049408767
efc66d68722546d7a0934ff097821832,643,0,0.18011235674760867
98eb5d2c2d994809a18e603b1608b009,278,0,0.18053684749777665
db774aa142f0453389e44ee89a23e93d,641,0,0.12303519507810806
673e050ed337485b83f4f74826d28f86,498,0,0.031340950575144744
49ace4470a384f15b23f549e39a00013,613,0,0.09697404505148927
6c1920836951484eb75e23d862dd17d6,718,0,0.14697715844116488
d8f2012159344946a120003a73c91f58,788,0,0.17479980753366114
9855e68b62334e7da68f1b3e401ebbe0,520,0,0.03195116024985617
6a8c2664613345b784dcf5ec2c619051,103,0,0.11957809135907604
109b57d8f476418c89e19230fc5abd6d,226,0,0.1596436515452912
f15acb1dc6a942e6b6b84f8ee5ff2c49,574,0,0.17063363529159908
614818eab3be4bbd88b58093ae301e96,97,0,0.09191795260341068
805935c2578c4baf880700ae1daa84dd,618,0,0.1754993929305157
a17aface3ca44190af28add09ec8417c,662,1,-0.021508032609512506
94f7947151274ce6821785ae21f8131b,685,0,0.18254915254511334
1e3f40fa8df44f8a9bffcec216ee48fa,645,0,0.18462637147199223
bcf3de97f316485f90540273a59c482b,48,0,0.16622297250676188
9b70e212e4234e33afe97197e8b1993e,214,0,0.18059420741041932
8b69f754445d4526a69696bffa9cdee3,551,0,0.07601573261170391
d0eeb8345a3b4f0bbcd600adf345b53b,739,0,0.03655870216709328
76cf80962f954a04b2d6454891b32ebe,391,0,0.1708133172894663
67b2a48272c048328f5c17b7d5a7a124,370,0,0.10820149257847
6f0f2a26991844da8f575d2d4b653dc2,657,0,0.1433717897435849
28fc9b6f52054f758463fb747092d9ba,77,0,0.08622379268517527
7e18129b407d4d0ab9d3360e78344455,679,0,0.1455698609637583
eac1560b6334456088277f272bb9d795,545,0,0.09155887953205072
a2e1db1e474d4c689304507dc62931ab,300,0,0.041017108084464404
d0719b5467a1493d9bedd92949219567,711,0,0.17491046670226973
df04a0220cdf4bf2b7c15e43ac627c65,221,0,0.1808669708486471
fae5572f74e849879d8efb6b0b2885cb,626,0,0.1866461734766835
ae37a1685e54428a8c9a22cc2122e2b2,581,0,0.0847374775286675
378deda590db4f0594b31be6c9b100c4,589,0,0.17273650073857255
d1539e0cb2184e409bbd00c9a6bd54b3,240,0,0.1773851469841684
c1c243e9f71c48428a4b126ec09368ff,137,0,0.17508261811752818
368bbec4079d4fdda93e9e8fcb204920,131,0,0.11612050075209146
3e6e4b8455444db2a23d9d0a4f3be72a,618,0,0.15317075909911632
edf3a740332c41939e8f63a80b0d0740,567,0,0.18425621479731547
f8ea0eb51e8b481f80c1e116410336d1,54,0,0.17408239212424986
fbf9365347b246b5af2fd50e8ab9c005,355,0,0.17653382194762285
929f96718d2c4012940774dc97ee83fd,66,0,0.18578824744685546
fd53fa4cd5794d5c985d793a02459c8b,745,0,0.18403275636536337
5447c1fb27334582b51cea7a01c5a99d,220,1,-0.0013732447577934348
e3b17a7282dc4c90b754ef022db92f27,697,0,0.1381437930883857
0e0ddf8f21804d1eae6e07a60d260263,772,0,0.0968181546057933
c01125755fc7441b9cad362dc2cff05c,506,0,0.08032511722147667
965548ce59fa453f893569ea543df774,701,0,0.1838221946494119
1dc70c870a7543f590ccc32afd47a6f1,141,0,0.1458055470561877
55b59270bfc14ba4affa7897dd24a484,181,0,0.18244729383699476
428e1485b4644db0abc610e1c35bf940,266,0,0.1518006681495188
9b4c7f67b66e4f5781c9b04fa8cff834,83,0,0.1779888979894359
0ec51793fb3749eca95e3e10a5b6bab1,620,0,0.109476209166182
ea87c632cc0d45d5b5028e628b2a741f,541,0,0.17557695247496574
beb9d42c3fa84da5b19a6b3ee52e3ee3,581,0,0.14256412489704184
566e795e52c446f3a6c085b01d0a00b1,651,0,0.18174654357310288
599b0481caef448b9cf1f1f4af619d75,451,0,0.16605948403024356
e41c3c03ffa749ccb16a977447f0d291,455,0,0.16052964353487248
9c6a2683fcea40709fdf7af5843d09b0,123,1,-0.022099065710290744
2106778d324a466cb80ff650f26615ab,184,0,0.17653481032748403
95211c6111d9456fab00020549369493,197,0,0.1581176836585202
d651cc89b58b4959833cf67f5e36c2d7,398,0,0.18762310911053626
6c3c0c82bad0462f9b28770687273350,346,0,0.18470658804508155
7771c591e9bb4c64923d3df2302a881a,502,0,0.18036156608113352
0d428ded28964e7db01382ec50c4e8d0,491,0,0.12798394634759086
ae0946f9ec3943758f4181781782b647,532,0,0.1752479190448923
5a9c3eb93a404ff3af10d242360e1188,719,0,0.18320178056822373
80ee48bbbcdd425baf5d0e0b18514d6b,205,0,0.17715602238709516
78098d74525f4540ac4ee9877495e05d,299,0,0.1316343924033152
e077a8849b9b4a06ac9aecf58c16e8b4,84,0,0.09295778705440905
a587185e4a9f4624bbcfc562d678e1ff,398,0,0.16000382612413017
536d4032a6fa4e7bbdcfbe14070a82ce,540,0,0.16532240990518754
0aba6d7419df4211b70f5bea3ff00ac6,601,0,0.17743642140057125
13cf34fba75244118d303ec572b9d19c,321,0,0.15409686084764662
db4dc3f730af4aa2a37331f3e1b6c61b,192,0,0.061260775610619045
46d2dd98c19e4dbf8eb2c59b012aec4c,700,0,0.18804262373447
416228ea5b0a4a6fb7c12e13943709ab,182,0,0.07300698055116372
f48256d8eb8f4dbfb297eb0ccc5cfacd,507,0,0.17112184601015606
63f5336b2f524e828807a36dc6a14869,705,0,0.14536201084948647
444fd10f4a0a448db0f0eec73c32c99b,636,0,0.17444546536849836
d411eecede884fb699b13f376db06e9c,641,0,0.09217664803177511
3db75518d39d4e0d82f008cc2ded8d0c,423,0,0.16208487641751657
912221e2839d4c2883a8a996df88c1a0,614,1,-0.011259912019170648
0f15d1b1464247c4b675981eea3c7002,706,0,0.09476349312644322
b43e429157b44400ad5ac4bc2de95e70,711,0,0.1352658184828222
7cf56038224043dba8efa31ed4b04b03,206,0,0.16739740103491335
75fb4dfe203646ec905d5d7944faefbc,530,0,0.1773386671030272
3df99d28f85942579a9ce322993c3446,38,0,0.18337507113394103
6779bdc7f4b747b2b3c9aa4fb2c7f72a,69,0,0.1836046069890202
8006b01367cf415e92cfda1885a9410f,611,0,0.17133526481209482
d8a1f0bc86a04bb9b5b4324acf29adc6,215,0,0.1753295840863489
354aac78d35344498757c063d4d0f4cd,156,0,0.06381312944734974
c324fb657fe44aa985a6f561946377f2,179,0,0.034427657982270043
a0a0fc7a38cb41a9b48394769a1073f6,389,0,0.18318278166098517
3b51aa2e3c454a459602992146a17748,642,0,0.16576332914447917
ea23fdd932c04fa1926667e5b21b3c15,325,0,0.18623468237201685
e55550474416473c8348ce565269d91b,39,0,0.06135811317586348
77cdacb409ad496dad47eff577f4ebf9,576,0,0.033077940326553534
582327b8a7974f69b5fdeb5ecac06a49,664,0,0.16619757509043942
58b04327a2084bb883128d1077bff515,395,0,0.11430833958138148
cf589c81815f480897604b172d261c8e,502,0,0.10558353524414377
2321d65273194c0fbce7b96cf0e67b6f,490,0,0.18917650863056074
47f6e7d61d844211a29d86cfde24f1b4,397,0,0.17511384107487704
88b24c29355e4c16b600ad9e97818461,442,0,0.10720197399192122
77df653c1f8f45b39dc048b9c36ad2f8,420,0,0.08227296815168261
680b20c6277c4b2a92c4312e85a90e96,641,0,0.13441121719716476
8a417589af1b4cea9d71787f41521e9b,751,0,0.18235337411191432
8a257fa96faf45958ed5fdb08a8ef32a,195,0,0.17760188095537738
ee142fc2030544f4b42e3a2de7b9683b,144,0,0.1142230965134231
3022c7ad41314c80ba5ecbe871414de3,160,0,0.17987071815500227
548e1f1193a74134817520e93a81901d,202,0,0.18264298882753788
75a01df88ce44d18833a7e440d6defef,756,0,0.15577435876762102
f7ea84f8c0804b379632dbd76f049ad6,752,0,0.09749272088061794
881e58cff9d140b1a3511c443f97a654,320,0,0.17759194022556463
847e5b4875bf43cab44b0a88f46d02c5,218,0,0.18525309562376935
7521e412d2a0476091ce5d4c79ee33c9,323,0,0.09646220598517574
3b8d5cb43ffe4cb8abd5b452f78a14dc,179,0,0.028222141171341142
3519526abe9543fcac3238e658a760ad,155,0,0.17516156596642962
a90fb45c1ab746afbac67b7f11282770,162,0,0.008373411613931792
ef25365562474fef8c312d8fb1737948,255,0,0.16708980725843858
6024107c9aaa4aadb59912dbfada2992,585,0,0.0983656981001032
715a93d61c5542da996ec4290c42316c,352,0,0.15971459711695823
c04a397e7edc430b896c89a9d638d18f,181,0,0.1043876228579157
1bf4d8ae3bda49079b97e6dbf7f90dbd,684,0,0.17907028086338256
317b1d9d462e4d8ab32ea59b1ceaa3ed,617,0,0.08346537400150383
03b1d473ab824a42a496b924c29a1247,173,0,0.1758736926680009
50a0a5c00a6340ef87ff99c256599b17,532,0,0.09570628204073472
ae53db331611455788f0719c2cc3476f,170,0,0.17721767797259114
32984494553948108ad7c2608527ecec,443,0,0.038318883985619334
3b8e3d2434e1489086ca4d614855b472,82,0,0.15540308998263175
cab3a3e7db0143b8948016f27f780962,639,0,0.17366764617339675
909fae1e39244fc4975aa6f3fac0ca73,481,0,0.11978992999106325
4ffb8878628c42249d1fe58c6bc2a13e,276,0,0.18360117711213725
d4678d3e338e4198b38ecb72d4876db5,434,0,0.14912824099925975
89e614303d0f4143ab1475befbeecf97,736,0,0.1298893670660627
cee0e9edb1104cedb737db3432637b81,85,0,0.1687190757628516
dd99e4a7857242e796d58f662eaa35ff,326,0,0.1545293216907816
48e08121ed134200b2783ce2767fcb86,780,0,0.1722234383188515
66d0d03f698b4de4a0da5e0ee8ccd8b4,157,0,0.1803578579712541
f36fe3df29084ad78dd7c23ccd557e96,77,0,0.1747518012543418
fdb558e99a8c424cb07a5fcb1b6026cd,632,0,0.060369099126513226
54c67b28b0e24b10bbe61a59701a4c1c,680,0,0.15675819714692474
f0d216b8688a4017be7d45518f3fe3d8,204,0,0.18015961158261357
7adbaa736a704143a0ce2e013281c0bb,507,0,0.12240101040090495
3e03c8bf22f245a08f98d6ba3d2a6735,606,0,0.17696251913992278
33424bc8006e4b5f926d364cc36de6c8,81,0,0.17857864799376916
72ecca098e024635bd117c77b8d742df,555,0,0.18057032960876307
83fb28d8cc6c42089ae30f536dc93b92,779,0,0.17337803637699267
d408cd4a81aa4fec8e6819fe9fe552cb,655,0,0.18312613561239283
034fd2c1874e45deada99333f2623bbe,753,0,0.10273246942877079
a7c52f8184884e10a8ae2d9a488bbaa7,288,0,0.15547440320443773
8a9798d0abad48f5ad592f019a1776e2,352,0,0.14907425238926958
e57852e25511475da40b4c1f9a8a9c4e,690,0,0.16683519479594505
95e095db181c4574b59730db2044b98e,697,0,0.1695978520966614
00354201c0a74d51b22c448d4a2c4235,326,0,0.14504686848700576
b9a197c4da984826aa61e9d435530324,500,0,0.1729107045299455
dc60c330cff64fb49f950b9deb25df6d,707,0,0.025846836275683127
5b89cdc5484447c18f24460a34d5d08d,475,0,0.1801903155898809
0f6d879e0c144c61b7a3da39cff04dc7,409,0,0.16983998388753374
c5c57fb2bc0940559959b72215b546bd,163,0,0.18142501114063736
3dc499fff9744d2ab96fd380edfd33b6,331,0,0.18016730810558518
9106edc80bc94b0f9d875461da781407,439,0,0.17883502848032518
0d9b0a601f874f47836e53747a15b090,484,0,0.1018788000845115
85a4ea8e02944ce0aa5e5e80de55d4ed,252,1,-0.05047730837949371
999fee221c62471b8e5c0bfb5c3a1955,287,0,0.027759246355656853
07bf3f6f88754893bc9313ae427000a8,255,0,0.13225610096039842
147c6eead70042a3872a8adfd240edbf,523,0,0.17585129079125372
8310478ea89d4381936740e2ef9dc402,83,0,0.18595287243785186
95a5ff95d2144c368eff65b96769415b,745,0,0.1846591801838562
503d3b5b81d84a13a7354c5f6b0960af,788,0,0.18474700685304474
0fc6bd8778b847bdaf38f73e2b3f317b,60,0,0.11424231426394338
d42d50bdf671422f9f99e89d1b529e0d,335,0,0.18167612591832644
99864faff6e541c39ac9f055a7531922,661,0,0.025418953928565746
19b8719305a84e89a3536195ee745291,516,0,0.18423914369258748
87e1d907d3184a119360301be8975256,11,0,0.17782174468953438
f57513ac0c2f4648a9753a7b636405c4,151,0,0.18731923217545793
875dd2dae7334e99a44b732116d714bd,454,0,0.16838324497454815
5486e69b3e4b4c25a4b0063071554c16,282,0,0.17669962743559936
fc9feb4668624f2893e43076c86ca7f7,131,0,0.17049426834503828
bd86062b426346459c42c4da41103233,643,0,0.1844641889120902
d8ef3c2cc737437d8a7baec3c0e5a52f,627,0,0.18142995447443488
e988ac89d97b4698a2724e0ed631741d,774,0,0.07527116905238296
619ccf9c7bee41da8c601318e1385ab2,730,0,0.1575041449943162
81039fad7b32492c997616ab7832111b,422,0,0.1725038560479532
da8022f29fad484ca4fa878fd323c78c,63,0,0.16002734973100308
5340a63d512a4c4f952a66c707c6982b,91,0,0.16891450042245243
ef276723c73d4e47aee81f89ccb31f4b,267,0,0.14145568900755495
f6ff7b66806d437a8598a49d7d0efe9c,53,0,0.13980358854839942
da7e3ec7ea934cb585d38f3167fd9029,224,0,0.16844711476394203
9348fd8ba1dd41fc957af08e454f6f39,512,0,0.1711987816911747
241c81c375c34abdbc6c9ad8984ff8ae,19,0,0.17588484724478015
1c490d4187e24d69adcd4d07e89574a5,731,0,0.16368658046573042
a8f936fbfa2d47a2abb9646377938e9a,213,0,0.1228089238570193
b32c191b21a9494bba0cc487a9bd49ba,82,1,-8.801286072901426e-05
4af9897437084f96abfba2b8bf79ca12,155,0,0.024496956505758838
7861d4ad6d984c49a0113ca30b4d2f95,397,0,0.014898798400944213
2cc830383f8a46918e93042e9aed2212,266,0,0.07474807548696116
300baf7277924c02a1cbb6b40bac4505,667,0,0.1647716126864115
2067f5759af746a3bce41e3bbe126f45,219,0,0.176065132035172
a4b5e78fd2eb481badf634fdd1c87c3e,641,0,0.1426800116519617
6f266388e6b04918a01f0f617e33a092,317,0,0.16118926525122568
bde664dcab094162a0bc01780339df77,737,0,0.17766229740547784
e3f42f222a1e46d0825496366adda9c1,616,0,0.14476954847494639
662c9dd77dd74bc9affb5bb50d2cf06e,11,0,0.15352467123758684
4eedb82a517d43e0a12a5dc5c372486e,581,0,0.0665058141608259
3f1af27987744eeab65eb9d3858328a1,433,0,0.08662038928139731
3004a4c27b83458cb4593bbdda2ada1f,22,0,0.177922105818199
ba7bd214a68241d4ada8dced01c67d7e,145,0,0.16759486157767695
7b6020b9d8ba4e39b985b7de87c48f34,698,0,0.07964842270179562
3f101d890a7e45b5a7acdac3a59fbaac,240,0,0.1853283447237951
4e69184ad71349ec863df98de76c125a,576,0,0.1832141236623776
d4d72095152e46e9996fbe142cabef66,694,0,0.17991833531562884
742c130a9b4e47fa8cc769fb4a71b7da,476,0,0.1737263336230781
f7372f119c0742958493d1858a949218,672,0,0.1859798899263344
ecbdf8f46099452892a7c085e918cf08,490,0,0.11430329489208912
357c95b68b7e4d788db90f90f2b836fd,192,0,0.1762461162151036
996fcf6cb371487bac4283515f29eb03,576,0,0.08169893992070043
b42f59639c934408b7933068e7599471,237,0,0.06186344761692697
894f40abc0e24b51ae6757f0696f30ab,90,0,0.15609221492529374
09ccb8beef264a0abedead103907b2d7,382,0,0.1589443818625051
5d6e81ca9ef84d03b3bac5e71659393f,149,0,0.18170935234600905
56571a777fbd46e38c476d6aa6c78f3d,140,0,0.17240189168064907
1b98b9dde8734a188cbe6fc314ade86c,518,1,-0.04843826990804645
3f941543812f492aab97fa19d688b309,83,0,0.12081508352456471
851494fe51074d43a43ba8d06e24d0b2,168,0,0.1795967532405376
dae88073568e4aed9f69a729b0b56596,500,1,-0.011936741528045358
3d5d40d4e4d7416d8b9e1162188e49e5,402,0,0.178556626929256
7aa77314b9f249d4923c9cf3d9606fec,108,0,0.039952525906037095
d04c4fad75d148ce86ad65a23ea3e3a2,0,0,0.17111211084958533
f38abae10ba3442e8d13d7ea66b99fed,73,0,0.16100251410801564
8d636612ea9b452cadb6a5cfd4722b8a,214,0,0.1634933047448972
82174deb16ae49b2bbc949dd23928d82,16,0,0.18040183280467142
d540f345bf4846b285540831d7c394d7,68,0,0.18654492085988617
ed2e7738d02445e7b88e17b7d70aabc8,695,0,0.164022748822635
a1e6e5e826ec47808c087b97dc33ebfd,31,0,0.12991330632637837
e2bb369bbbd442979356b7e8428ea498,770,0,0.183036070615765
2e04af402e7c4b3ab37404ebf301d0d8,635,0,0.16834356410205698
617f05ee85cc40b1818f418383e9cb7b,39,0,0.15553411749693286
d8db4e64f0ad4f7ca0a0e9452809a3d3,258,0,0.1795283249304196
25e8e83db4f64bbb973f00ac36d04b9b,96,0,0.1574936124420423
f3549b8bbf5c4eb6894400323b746a07,97,0,0.18784055484055207
8cafdfe322654ebea7fc386c6bbd9815,281,0,0.16636396081147825
fd236f0a45024c29ab099d87b4d0fc75,462,0,0.1447500103495083
696c467ba84f4ae38925ab150d099e6d,69,0,0.07540719795648837
e9abcba705e241a0942c56f541e3f6fa,78,0,0.18619355886006833
a45605974ae645b0a180928c9faa6729,69,1,-0.029443934529060467
e2778a0408f74ebb9398e441da26afa7,794,0,0.14320694618242596
23ef73f820ca474bb1b5ea1ba680f683,385,0,0.1839387367785265
41e03f530155483299aa0933f32139c5,699,0,0.1722254294332472
1cb122335c1f4677ba832eae4518fdd1,717,0,0.12347691889101103
bad15a5ae03140119971d773a241de34,758,0,0.16432381923480166
f20a0a3bb28448babdfad1df698390b3,69,1,-0.027432685750009345
bb7392dabdf64170945c262a870de8ba,508,0,0.15786746512929328
69c19d06023e4e368b4094b3bd138937,710,0,0.10559796470552435
4a43c6aa556e4e5fb2daf68ddbcb5833,570,0,0.14604405841259022
9d9207e27fd84306b80adff6f1a028af,680,0,0.17980642217893
431286fb4ae54b1d8e23b99b54dc2f0d,69,1,-0.025099962234323647
a57a96fa0af7460ca70421aaceed49b8,140,0,0.10594763893937231
f97401e3032a4a27885894fba7e75cde,201,0,0.18279897568955017
b8b45aea6fa74aa98a8b53c9e598ea6a,69,1,-0.03716342129288153
e9543c489d1f480ab27b4a5dffa4f484,672,0,0.11470764328170169
1413b954ade947b9ab69778e2e67bdf7,207,0,0.17859282057901454
60d2d1f10e1e4b9ba8f1f2e9a3e0b3b3,11,0,0.11759489615315066
0013abe1bd7b4bc9abde3433febf83df,69,1,-0.028450108340704716
a583f2e373d9462aa64dd5ebfc722cd5,272,0,0.1587698177930596
60ae0ef0626c41a98cb3e4bcf3ad7481,140,0,0.1312948315358623
f97198e1e4d44fe3ab517d082699146e,69,1,-0.031613113282921934
e7b9cb85f7a043648a47e0917ab1c080,679,0,0.16431397744811305
0196c04db641467f9f3348b0abfcc261,397,0,0.11785922981492553
babc212f51d04f1c973b4afa0b8872b5,72,0,0.0384186712116249
713efcf8ae6c40c3b564cd14add9df81,69,1,-0.03310372530643291
0f6a18fc14e342629f317935217499de,69,1,-0.034948976726908
f6ceeba65e4b4adca142eb9d56abc13c,525,0,0.15786172763281575
12e9d1648a5042fb8ae60697bd640718,641,0,0.08317758453297208
3b5b47c8531f449f9bf3a270483f3cd5,596,0,0.10470534041660629
11ab94b1dfdd44468a6d39a7e5921f51,268,0,0.16290416165792082
a31ba0e486e34dc3aa2029d717ac1420,404,0,0.09464595253158875
17f9dfcbde9d4702a0d317264220187b,130,0,0.16067591819122423
b53b42a59c3d48348bd814a2230a29bf,247,0,0.19121955709177713
261ce61e2ed0444085f5892eb4fbab64,443,0,0.15231652021378306
1ae999256ec840d6916e9c55be18c026,378,0,0.07996065261767255
f59d689b1c7c428b9000caa70883b302,349,0,0.14776312821282883
0df6ea98a28c4f95a6518e798a73bf64,481,0,0.1821272620011125
2b282dec9493494daedf56f02ef7983f,613,0,0.18418669472395677
c2b9ae7bd5ce43b69e39b5aa27dd8120,708,0,0.17005211832845096
96510be7521c4b18a2e63ee377f03a27,646,1,-0.063515974313472
eb5b45523e244757a0c27a709892fd85,320,0,0.1705383495490182
4ead0e1b301d4eb08eb98cc25655af64,195,0,0.17569857356190205
14569ab659284bcaa799d06cd387ab2c,530,0,0.1731158197680105
e130517d56c04e9d9f4e076addc228b8,674,0,0.1587133692460821
60cd543736144c7c809f2451e3f617a1,302,0,0.17145365141983493
664490611d6e4f53b2de8b4512f4fbea,209,0,0.002349032835816889
43186c6141e54035a39fe8d8fa6ae11f,612,0,0.16758926829741355
9e2f3f64e24047b685006424b4d66805,508,0,0.15600533035889746
4b257a13f4d34545bab64f3dfe681eee,581,0,0.10096663339653911
d2f93714783242e5a43ace8003272098,73,0,0.08425569517826981
7ad9ca816d064216bf6a15d423219c37,402,0,0.13289532402423182
05f7652b16e44da9881dcc415730521c,506,0,0.17620435468040646
a6448d76606940acafb0d807698c1c3b,581,0,0.11249148284220778
cd14033c62e24d50b2765cefc138e020,122,0,0.05857978857056867
6c62ee01d7bc4ae1a3f328f8cb3c0eb6,71,0,0.14264832509812714
51a10caa88a841998739f1c737fb955b,760,0,0.16858781691250074
feb5ee8425ac4954a5201a58531992ab,580,0,0.18229747540572377
51fd545bdc1a4a7283a3bbbda9bc7317,584,0,0.1873378566367343
1e4130e192e241e9907988496183d46a,155,0,0.09685900601177005
5da46dd419e74cd9b90b8bd47b178908,392,0,0.14945337932820257
ead65ce618754fba8b02413e0f59ec1c,584,0,0.13388552660422198
8a6fdc87e5e247f195227ed9810bcee8,252,0,0.1534206348569826
d36ffcf9f26e4e6482a0a93c3bbae372,169,0,0.14736263768275842
b9a2b5e9dec242d09fc86d9953369781,83,0,0.13059343011802588
2f3a4abab3ec45d2bb1a7e739a4fe303,393,0,0.14355324472172998
656cd0adb3a04edd843ac09912095750,783,0,0.1813221292123266
bcf98479c13c411ba6bf1d76d40de555,329,0,0.16387953001944866
a4f280813efc4c0e9182950ebe860dd5,210,0,0.15990810803658878
53d7c53cad294a06a5b6748bb615b4fe,699,0,0.13142478726719298
4cc05ebb32e04d078866db6c2febadd0,414,0,0.18216311082542885
042ad0246a4f4f7dbfaab8969920df19,388,0,0.15235125397983973
6f47043235d54a91815eb28c41cb1d17,576,0,0.09238564755594014
6bfc09fbbe1a4734ae4756adf8fe8a3d,585,0,0.15007792167101913
00d76b2201e34f34903f04b74ab22b88,390,0,0.16602805166627582
4a3ef957d21f4b4a8de4cb1bdb1470b1,162,0,0.17104424677677477
48dcd67e5a3d409cbb50cf3a18f49f0a,261,0,0.1728617085889877
4e87820645494b2a8e50115455d1951d,94,0,0.17644399136232586
17ab4aecdd634662ae3051ae52cca7e5,433,0,0.13999580230660114
87e08dcb41f545bba0f0f69fbed44494,729,0,0.17440362812696064
c82bb973940d4836a0d5664f977ab836,183,0,0.18003445085004582
295c0b7e523242c8a00054b9a8747071,516,0,0.1662390979904239
72f4a30459ee40fc802b810ea1a040cc,480,0,0.17612749199088612
a5eede3e129b41f88fa26b3aa51330e4,179,1,-0.0024872232142402195
761cd6df7f5d4edfab34172ac09e1013,43,0,0.1762836967283497
1bdcaf73c4ed4eedb8544ecef6f90e60,471,0,0.08356200400406572
5ca390d50a044ea7a593aa4b1ea571f7,563,0,0.09346167052414667
dd247b8cbc6b477cbca9384c12e1b26e,532,0,0.1890066056357671
f063b8c00b3c44eca6ef6f6cec94cb89,170,0,0.17555774530982993
1af3ed67f0eb48fd97cd188c0198440d,211,0,0.1435084247640515
5dc33626a6d44d709f0ffb06cd54f352,422,0,0.1804445850736947
74fc8685e2074a3bbc24dfee172ba013,498,0,0.16914971422832492
8e568ef01fea4aec84473cfa236196de,250,0,0.1486700598768605
cd48f422803a4e1ab50674e1c51e91a5,498,0,0.1549031026348469
d976c5aaa47744f89bd9d6473b8bac1a,474,0,0.09172929359182402
6d24ed622f03470ca3319cff09b86a6d,149,0,0.18152905232850536
35bd612b89a349c0816239237b40d0ff,476,0,0.17610838140309942
9c9c9d4da61f41b29574de28df415369,612,0,0.04438224378745098
45f21b06419f4f68ac9b600ea4e4437d,490,0,0.07567060717380603
0b52f76d11294ab0b58206b809401cf5,518,0,0.16544248618961732
492ed2b860d34ec5a18de42c54da653a,276,0,0.1781971874512897
d2d15a4699604494b50e15c05927ad02,459,0,0.1883466455965086
d58b2a58ff7c47bab9760794442723f2,781,0,0.1427151310012737
d961edf0593047379718e9729f42a1e8,386,0,0.1818958862956379
1ec6c98904b4451590a4e093613444c3,273,0,0.11641346712427891
9120b0b2be1e4cd499d01735da65868d,201,0,0.10756455232264667
338ccd31ee424b05be36785fa61d5717,198,0,0.18817964824835576
2eccab2f6bfd443c9bb5808575d1a06f,261,0,0.10353063991750738
05a55d9613d04f8893111ed0a2d54f10,38,0,0.1633759983052907
ed4f3721f2f847109cb94b111f95daad,169,0,0.1183649165893289
f24ca4c30637428c8635b23db9080703,350,0,0.07302007198964311
6629fd676d354ea596b1c6cffd7e54b0,539,0,0.1475533448692396
bb78b37daade42dd8b66c751218ca825,698,0,0.15539478293347703
e90a9b58883849d483c71f7df8b8f7de,444,0,0.1252337679612449
3696b6a138c043108228fba67ef4fe18,521,0,0.14474556232167107
92b1b27a110a42a6b9ffaff717786499,263,0,0.10954256412304825
8a2947d04a8a43ac97b041844a971caa,228,0,0.16636375014434873
c43ff9dab92b401d91c2d854db1d2967,156,0,0.13025705121824938
7b0ef489f9ab4efd8c4b5ee1bd8ed4e4,422,0,0.14252564191309852
adacfae261e3452fa37b8f81d4dac4f5,248,0,0.06295440757847043
4f4bb7e5ff434b3bb591dc7c2b2cd67b,793,1,-0.13248716766068802
b3af5b334a3f439bad678b8032632af7,607,0,0.1760636811146074
147d43b874fd42438d821b58413cdcfe,755,0,0.0839582024769055
794566d7522048fd90afb85172f82c63,94,0,0.13111781004497286
e25d66cdb3f246b9913c90e85118b040,482,0,0.18029156529912854
4f34cb333f7f4be3a3acea1a4d3d21fa,702,0,0.1836901311982369
acac754252ff426396f03105a3695e66,596,0,0.013033210932479444
ec0d1cedb49b4facab67e116c4eb082f,196,0,0.12258031697843347
bc93c92543344dcb97001435933567fe,110,0,0.12710962328245667
d98365b104ea409a9cf2c1b25c998fae,73,0,0.0015439838521243976
16f56bd17814403c8f0dc5768da18316,266,0,0.14874334792907784
4b2d69f248ac489c94ffa0242ff12387,680,0,0.09296609104409748
5704830b36ec47ae82016a8416d52ef7,521,0,0.15245336191289038
c6c556f5951042b897008b2d017ca5de,316,0,0.11605101581044636
becdbb333cbe4cdc910e371e286bff5f,120,0,0.17626454144257148
52cd0afb03974561833c0f5a7cc5bb01,735,0,0.11805459837206206
cb13c78226ce4abf8f27285ae4018012,659,0,0.17111346974319797
10ffeb65cdb4475397864eb47b14391c,484,0,0.18005097351400917
56ce1f982b7c43669b28334bd504feab,258,0,0.1705925205808705
77ef4b0402e5467795045bf9bbaea42a,726,0,0.08133551052971921
f83b53493d9d4144a4376ebe044a5db1,498,0,0.02517762135455187
999848f94a04422781b5756f29556981,143,0,0.1705975589718874
9de78b5a944f409b828127c567fc16be,184,0,0.1822008426841391
fa3f4e9f6df241fcb41d3c836f70120f,216,0,0.1777430653791986
bc73fac78bea4efc9025fdde23ae3e49,627,0,0.17648618695777474
bc28d3a7c7a5413ea15bb26f19694c86,40,0,0.17749252422330591
bfde5e78b5544d0b9f1bf02fddfa4f03,467,0,0.13860792170743075
33c9ca72c15d4833bde871fc8c8aafa4,642,0,0.19044681432648758
c19645b58126419a9147d2e82c28875e,427,0,0.004187244249395872
f3dadf30c4ce4f9aafcf6c4174729350,593,0,0.14117833797362944
cfe639653ac54488b476efd857632541,227,0,0.0409659061018639
ccc0aa8d3ff94d54978b2b72458c93bf,77,0,0.1451095316083002
cb8be6539eae4df1b709ab6f93bd5484,559,0,0.17923242383016957
0e0403462304497d8fffaa55fcb97796,508,0,0.17630740728056454
92bdeee843524f45bdc48e242df3f72f,798,0,0.17055574948160857
ce5a4b6d77c9436eb2b36c1e204a4512,743,0,0.06632000693754925
ba81fe46f159461f84080733751ea6d8,662,0,0.15100482328887826
28df49b53835405090ddddd87d79de5e,425,0,0.16156462551953038
07278aa3153940c4add0a28d0af965d5,99,0,0.18512706529061096
06e92986daf245e683d10fdb2e6c8c6e,708,0,0.18267448852365353
795ade1fdda84e0da56e25db4103779d,124,0,0.16287417562433681
5eb12a2aa2a94d2f96f5c9487719a8e2,797,0,0.1596299581966451
bd41863299d34be8b776b709ee9c60d9,183,0,0.18800112936544494
cbcdaf85c1464425ab07470ce59c6347,784,0,0.18477158923649983
15f9da3640564170a73272bc17e6c0ca,492,0,0.17230347644791288
a9070727d5d3429aac0cfed1024d4b61,94,0,0.13393718225416085
3693d3778d2c4ea0a16f8d52c0bb77ff,256,0,0.16937319401261108
b8547806c8104301bc329cea9e22011b,166,0,0.10513950618665896
6b3be08471c141148485a5a4c9999239,490,0,0.10510126123924046
9622d43aa27f4186a6812d8e4b1e2b8e,398,0,0.1322631336605291
8e6e8539a59f4006b61631c5a70a50a4,794,0,0.17742807775220049
a76a476b44aa4ccf948d872570ba642f,495,0,0.1711882604967545
75f1534429254445801ce07df9fb0ce6,329,0,0.15658760729492216
1ed3a557ac8b457d8ea098a1df80508c,346,0,0.13361047260146025
c50969ee4fdc4534929845a078eb56d0,474,0,0.17785708200474803
7db8679bb79b4554a7604c62a0f4c9c7,784,0,0.1498678785576112
5d707ecbe78f433a9d81e52c79078651,743,0,0.15583472547686567
6de16f4c560e4295be0d567eb715fc67,653,0,0.12236969411627346
f9672af94c024367a5ab216ca1d10a37,39,0,0.16485816138282555
ec38dc6a67de4584bc648dbd74aaf79c,140,0,0.14290999374096292
650d604e9c6747d59a1831277099649d,348,0,0.1265943286887033
4d0711c26d844b2abe43d1f18ebba3cf,510,0,0.11809794311591637
da5c2ef7fe1046d2b8464f6a7d299bc5,613,0,0.17420346348739846
71bd0ea5659b4dabb314705084eea14e,341,0,0.15743981744343544
a3383efc0ae542418544eadcfaf4fdde,596,0,0.09531124898483179
a9684bf0899b4dd59b8d98be1e40d041,778,0,0.1290333035487345
ad6b2dec759e440eb807b07a589672a3,81,0,0.17451861887986164
89e624f8d3164c97af576bcd8b999735,707,0,0.07419031747060228
a6cc520dfbf94dfca3f07a36707a7d32,413,0,0.15111716947653125
b1e7ad0706b8424f89f4de19a757de5f,673,0,0.06021028716101601
a2c8a44f3f154d6eb1fe85ad57b2c270,109,0,0.18858583802685325
94d01597e23d4b44861af79c4102eaa3,415,0,0.16862165080377206
5f6d66bafff14529bbe8e4d9a421a55f,574,0,0.15019517650702496
475d2c249cc14769a822d653011cf5b8,664,0,0.16015215070319744
f0e37b5a13de4f1489e6f20ff62b00df,698,0,0.131082552954504
956e9ef573e14d0096cd98ee7618e86f,60,0,0.1806794796163504
21c76b0efaa94e8babcf07a4280289a5,352,0,0.16057448414997594
78fa68ea3045421b9f63e500423e30cb,255,0,0.10422058730029288
84abad922ed846e09a92690c68dbeacf,619,0,0.18856756953894432
ee6b1c90113a43f8a4445670c3de7b87,764,0,0.1814246996710946
3c3428fb003541959f70de7a78221ca0,656,0,0.1451827635670011
048010b981b24bbbb3d541835d1d008a,236,0,0.17981805144542218
03e7a8c31ea74458a657001f79b60d2b,700,0,0.17834304706161552
72c633d94e4c4727b2689e3498ac85c2,588,0,0.17297625294990465
ca4e7ba6aba2415daa3f5d72fbeeb4d3,423,0,0.16546684265284178
63887e1132f34c72a4ea5e9c3338922b,663,0,0.14160161800195836
39ded42db43f4bfbb61e61fb5485e4d0,387,0,0.16297016771514305
5e725a57ea404b4191bbdbbe58dc13d4,280,0,0.13578091441483214
ab283e7b65a342e4b333d1f368c2108a,162,0,0.1763653074190366
9778b6b8471e4e49ac5e28c04e7a098a,290,0,0.16673462698693847
522bf7359f564b94874835b04b60a373,780,0,0.16647970914784682
79f565c908a94c679e50f1d4a048c6dc,399,0,0.07261526148408454
d45547e6aeb948599c7822b690ca9fd3,240,0,0.15394129009734764
c0ff1c0696264c45a493f6f0a5a50f5a,657,0,0.08852019418871926
44caf43ff7844d8cb91a07826d531d84,706,0,0.17374755319737378
50190550924649c68d109644655e27fa,413,0,0.11984733733280623
d0da429476cf47c2a7e5b0345a832868,250,0,0.13640925333293685
251ead997b3f4befba6eaa3eb48c1f8a,628,0,0.1734968479246896
a6699ec4076a45d193935ae3e39ce711,567,0,0.1646932350489247
29d8fa773fa847fbabdd3aa95857dcd1,191,0,0.16847274514054306
b7d7449bc4894c1584a56e850824a361,257,0,0.11860147652184488
a0cc721ca17c4e08b295c5e222f2f65b,204,0,0.17112748163226277
acb837e6fec741da934d0fcf26048a38,365,0,0.08687348012778467
97d13db1dd734e42a8115b97be4d8a3b,140,0,0.09988555553056844
e594bc5df0ec4db682635388d56b736d,547,0,0.1644857243222923
fc1f391de5b44249921cb74c42acdd8e,735,0,0.1833913426113275
963d1201f78b4f638d9d6ed9ec477f05,398,0,0.051622320765749574
2f2f331a30794a018a6590df6736116c,37,0,0.16912211103713676
eb8833e7fb7347fba70e83fe92e773a5,242,0,0.17437718181496364
f4b002ffe90e43d18acd73b8a9519f49,612,0,0.1565178048921239
5ca7ae23628f4ee3b712a044903cf418,487,0,0.18022349920506725
9c204f48c50a4aef9b3cf723e6a8c122,746,0,0.14262026054928478
8b73e4f4539d4859962e699e6f34be83,421,0,0.04852727659222439
a61526a6ab1049e48974b97ac4718138,589,0,0.18265832858045428
b0a1f624c786410c9daf6cbbbe0f7ba3,365,0,0.15596027643402705
0dc6c39b049a4ab3bdb3775ccf694b9b,99,0,0.08055443235562987
41377c9dc6a244a3a257d3eb7ef3af27,197,0,0.1796201158469971
4d7eea6628dd48a48b92dfb7ae061d00,750,0,0.18270040500585594
302cbd0ae79447d181339b5e02a71dff,471,0,0.16906014483269838
047fa26e147d43ddbb9f570fe9d9485f,120,0,0.16610185743180078
ec21c23510bf4d80841b15ad8650fa10,774,0,0.17202574089968226
daec6822296e417ab513c96ccce54b15,157,0,0.13454363358829463
3a75f4c22e2b42b19f533a288e6f0a49,383,0,0.004109055586685062
9f822e21ee07491387811546a5eb51ef,605,0,0.09594031973729739
76d94fe7c3f049c8ab8a6d15f6c96ce6,620,0,0.18167498550500072
46813cfb2a814fc991de8fb9e315dee3,384,0,0.14728206545688038
9973385d26d14e7dba103575aee14d40,595,0,0.17941115645708455
b5cb05fe2ad34b10b2026bfda5f67c95,235,0,0.16301291976149762
f920eab24ce648b7a4c68f89c07dbe49,573,0,0.15612960475156545
5146594b69f447569bf598298cb0e90a,551,0,0.08634549236956846
5810b9e6960645db98de0308daea6788,85,0,0.154960963537707
f16112043fe549b687af231cc54070a3,340,0,0.16442023219540958
d0998aeb3ec9469a950e82ece79c31a2,210,0,0.17485004540383375
1b9ce19a6526433898719b129dc9d431,141,1,-0.005137189756338256
496f9fd0ca1445f1bbd843aefc77492a,151,0,0.18278213328977239
d8e92b164b8c40a8a0c5e8942bddca0b,82,0,0.12521914480694785
332679979c4a4a20be0016785f5c15d5,345,0,0.02303888264779519
cfecac350a724a4cb4fd69d629737aeb,740,0,0.18055419106447107
20a9940b6b934d01b3487dc1a42c952c,652,0,0.17777892709798587
17c00f15f8dc4526be50c633c360ce5c,100,0,0.17368439788530965
564baa5bf41542c4a4a4c6ca2e565695,619,0,0.10952650373143041
5a28132d62114b9abfaabd3f81912b3f,388,0,0.16947919970422382
e85ddd20e11b4811ac39752a15596885,163,0,0.1750779751101525
39db30434824475c8c03770650a99e4c,43,0,0.16394980620338812
335f6b29d2f0425895ff468ac151af9b,281,0,0.17966218895833053
5b49834617f042248dc0ae794c1bc4a0,747,0,0.17472785149854786
ec04cdc060e948e78beb61ea71449104,212,0,0.1675482127995021
0bd147db5ebd471eb7539138ac5f9a6f,639,0,0.1789743064223107
7ce4168ae6f44bb4a878b5a5fa2a528a,274,0,0.10329872530376821
154e326e082c449b81316f11e82f73a4,401,0,0.16913967534738739
0c35487afb9d41919a79a0025c365aff,5,0,0.17332270938323285
6fa27576dcd640f9adfd47fc4c671254,181,0,0.16575122229824063
fa616f5b8b554926955ee62f4b300065,254,0,0.17878000017151885
3c2ee023ed154f87856a7a0d89144e39,541,0,0.15983548491077848
6425eb10dfb2405d999e5cdd0e675e3a,689,0,0.18330175714805524
abcfa16b479945f1b8624cf1c000222a,743,0,0.10738188663243203
c528b4d094e64403a8a081c70737d940,748,0,0.17720789770788858
ac46218094b049949317f7baed9dc5a0,429,0,0.171183522760407
f159347690b340a1a709bed5fec01045,541,0,0.15024737215572542
ffbdba2997cc45959c2ef04c4de49a3f,473,0,0.07407465863244794
f1a1624134c2470694a19ac9ef06bbf9,363,0,0.15971101463713672
ee2cb5a12bf54828895d6e91015a31f1,43,0,0.16282071473943127
f5addb68b3604fefb01fd677339830a7,348,0,0.0606215791698243
68298c7aea974eb496a9233d68b15b7b,684,0,0.1532095875253917
50d8d9bd909745fab60536e75bdeb460,297,0,0.18199604808073738
d3552853392047e0830c8f69c9159243,63,0,0.13613887392336604
15a4b868698748e1ab8f16e74daa7428,654,0,0.020213973539156993
a7db587b84c74db598f467a0d8ecfdc6,244,0,0.18554692867087097
9a266d1f5c9b4e9ea13a5a51cb71ec96,363,0,0.15950548631269873
f6b7bfbeb8ec4999a5954c87c15de2ad,725,0,0.1454741999737444
2d6c2759f97445bb9094d5be8e5a37ff,104,0,0.1753428124812349
1d377d299dfa47548efcda137237e762,126,0,0.15164709594013454
0d680c4b5410489691f894e23d0a8972,659,0,0.15992760980539006
8f65f493aa0d4931a23a60a725f2c070,35,0,0.16972067578409455
adf3b0eb1d3f4ed38c7a9f17c1033c0d,779,0,0.1541391915617778
a6fb1c9b02574b5f961e9c82e6b146d3,512,0,0.16280786956422028
2ff3392559474bfe8819af1953c5f149,537,0,0.1683974464013363
70065f95b6754ed387cdd9fbe3b75119,797,1,-0.004501051655752875
cfbd0b2378944fe698fd70589ab62ea9,122,0,0.12557312848664293
7149dd692c0a46ce9ae291bab0f26929,218,0,0.1782022061047796
14fae2d6869d4a15bad06daa5a8febb0,588,0,0.16561805360797777
9f51f2bad28e428c96a19d337ac93001,517,0,0.15375171156309553
97dd89700a6f408e87cf1be42a07161c,345,0,0.1308753559250988
4b9adfc6d3fe4261bbe010663996fb5b,765,0,0.17023274535071642
5dd4cde8b5d2464fa2f32e152935d69d,504,0,0.17264470510458108
2580cc0d3a5940e7a68caff06ae432dc,761,0,0.17354398531839882
7357276dd63d412bb7a649e716606f34,436,1,-0.026459724620525038
0986ceec42cd49db9cf9d849d41cc8b6,208,0,0.08085341845404309
01de70b33bc9413e8d4905f6949a2c56,157,0,0.11445362630970346
be4c3b3759f4413ea183fc0d0a9c0228,217,0,0.1763535472892716
beb33688933e49b8911522d3a4b96152,348,0,0.10885018125798102
9a5ced0fc86e49518d3b50add1af11fb,585,0,0.18338544968460818
54f1350c4a6f498383ef3abae9ed7f49,146,0,0.1869817877146796
bcaccf6d99ec4f249ea538e103be33d6,540,0,0.17096926492915543
84fba3e094f24c899339e9071cf223d7,417,0,0.18281468002859863
2dea22ab98cf4449886f7e798908dc26,620,0,0.1196882568743427
1c268a4adbd048cb8dd521d6bb784e30,261,0,0.17839463154173696
3f7408026ce749d09435b667577ee3a1,302,0,0.1782708535428693
753b23c971a24e9bb0f962729076e753,582,0,0.11598107099658872
1775f85b57e0450589b1e1a26aa33594,105,0,0.1838822544208727
4076d58cb9e143d8a0efa3b6833d9d12,199,0,0.1772909360649983
da19c3a4622248f2bdd66d0d78d29365,794,0,0.11449256268942937
26a1e4443fb5485b87e148a566641d9e,468,0,0.1730316158044246
6470377841f44691a3178af8e173d64b,221,0,0.024237361061378415
493444fbf43648d1aade30e481551147,616,0,0.17689538688631828
268b413f751648459a91bcfcdabd4f0a,673,0,0.1447656178747706
06785f9031954a4f82e3b9268785e3e7,3,0,0.08629763956192832
62962973646f402bbefe099ab87a0582,145,0,0.17884093973835047
4104616cfa2946d6a238de57494911f5,692,0,0.176165576477601
d7de986e85584fc98833629fe230f82e,391,0,0.18149059114234162
f05529ce9eda43a6941c29eb41e288c7,221,0,0.1289367156206156
2e7940bdcb534e37ab0849efedfb8913,585,0,0.14402067105593236
e93a8fa20961431cbf9b81a404188681,795,0,0.1753667123894847
23a2818fd4bc4592960d515b5c9ea074,791,0,0.17962229857155326
fccccfe74ab84b72838c7de2cd0b234f,1,0,0.07547183875236618
896ba06212184b1ca714d977ef360e16,119,0,0.18429934503478118
54fb231fbdf540238722f5633fc7b809,76,0,0.16460360472590768
a0571c18997c4811bd6a412be7792d40,26,0,0.18039192731038894
6d3a8525354e4bd5907605e6c67317e6,626,0,0.17818713047426576
94d8f5b581284b6393efe9ada5b11133,755,0,0.09558391778740116
5def70a35bc34831a2e7d326fd3e7d90,644,0,0.15831349121695648
b4170ed70060484b91005eaeb73b9143,51,0,0.16660203627049436
4bf9fc90e9b64a53a4ba603d7f5d982a,166,0,0.13929673256788955
b4499398a9174d48b5a684898487820c,781,0,0.07748238602609914
6509580a642644948b54b8735ef2f265,19,0,0.16773419483315571
dc6c2e6e444c4e63ab387e5c23c82086,48,0,0.17757811690308967
4103919bf68344548a7795a1d3370233,787,0,0.13798235546480786
88913c1dc0954182b7a77c460c78553b,690,0,0.16597812785477029
a950956640114a2e88a2bb82dbe67834,207,0,0.1731806669275781
f27638d5920e45ce9b4335c042923949,732,0,0.15871377322223468
664a62a264234e18aa47d85b264400ed,168,0,0.1845803350980471
db020cf3d2f44a13a9bfaf6a0f391a33,115,0,0.17011527486497063
2336e5bf515343e09bbc3c34a8be4ec2,685,0,0.08197982112438029
7abff4a3a50440c8b807398d7cfa947a,743,0,0.09184429952339618
4558697e319840c4bc19fa912f47b8cb,405,0,0.15185157586248832
2229a9fb4878434cb0b27144a4f2ce12,282,0,0.16661014780333144
478d4507472b4b019627ad60adaeff89,698,0,0.014744193989011056
7e6925f69ec04b9eb890919bd3d6b8cd,474,0,0.13705419365124155
1942b934d1014ddbbfe68d3450da7fe1,191,0,0.16852142028052314
ba115a2939ed464bb62542b193fbc6c8,104,0,0.07406571931560779
b95d39a8a8e848629289a876cdc4ab3e,586,0,0.1265508928161495
e5573dfe0f2f4d958a120fbbfc663833,552,0,0.13779620293410433
98edb42fc8f246fd9979463399a4b87b,556,0,0.10639586648950444
b232f9b346484aa08381d4bd9f294c70,586,0,0.13039391137897166
9b2a634e265a403d853f17ebda63961d,557,0,0.18568703014178384
b88f18a491224de383139586b7818063,121,0,0.17990363398106662
a0e4d79b449a40b5b0ee2f8adf9789e2,414,0,0.16811011759653732
daf0b52b07d54a098ff37ca190109ce8,163,0,0.17941345466675412
3783c1146cfe49069cec518693031586,15,0,0.15769502369051797
6eeb7b0ee3564e589f977d2ade96d710,271,0,0.15101032021306643
0ee49d821da44c2bb36f4ee728bb1edd,142,0,0.11925490946263761
772dbd9bf7f24a1eb9db1bba72da643a,467,0,0.1707856643378895
185f1470c5764f7ea76973d8a5556f1f,698,0,0.14975279203312863
3229a5a04772450294e2690b98397966,559,0,0.034419948461569094
93f9c8404a2b47dc91cb371b1cd2ec40,619,0,0.18773370736767397
7c2d9f2429b147a1ac975abd4e11861a,443,0,0.0024211007479231217
dd19eba1207a4634bf89a3ce6a863480,298,0,0.15076450139657788
2960534098654d97ac6da26242e2daa9,753,0,0.03167202803481545
6d1265666641457e9a78cad9ce75af1b,641,0,0.13376613770687956
1e9b03c1ff9b49bdb3f5cc39feecc6dd,183,0,0.08686753934397834
2aa2ec47b90c4eb4a4658de6b4bec678,787,0,0.029367591599360587
e1243424fc794f6e96676235b9d5c2cc,389,0,0.17257010721573435
ab2702a06f4344799f5f5aa14eedc700,679,0,0.020629295484915433
c3e592822f0648cba926a5b0d67c5267,638,0,0.16672016458324923
5130e381caad4cdbb45d9ba4cc08cd01,157,0,0.09194966877864125
146db5c656bf40a0b9b750fe16678003,505,0,0.1748365631899244
c59133a078e54c4db1ed5e68efc5024d,697,0,0.16203990618191716
1d55fa524a73412e98a2bc880ebb9522,369,0,0.1065210872143304
d68ce4f65099423f9cc907634a28196f,674,0,0.12338842142158224
46f8bee4fc7d4b45931d07f5104ff33d,702,0,0.1742668227992989
2bcf2cb203cb4057ac4f0187562554f5,171,0,0.1623611976637414
b3fb1835ef6045d39eeab1f44fbe1b04,383,0,0.15677838558796658
b090929f9ef54f568ae1b45807656be3,607,0,0.12890087477012913
5b3c420e4a4e4416bd0e3073e4b879bb,626,0,0.12621393443569778
587286d0576048709226201199adb552,545,0,0.0881351496410811
686056dd87a745eb900774d117857185,586,0,0.15761383841855647
73dea4b462d940beb5c6e7755db14066,81,0,0.17853200653736728
7f79fd2bcd9c40fca58ad538f2fa7140,345,0,0.16845752182685064
592305acbe854d6c90f7622780af4c51,351,0,0.17237895672912967
2b7a3506902041c980ff7dcd0418f08b,226,0,0.18470353957569824
11373304cf7d4dcba854e5d4b3d8f91d,702,0,0.16091432604561523
bc817d0f163846eb8f1d10fafa264e5c,516,0,0.10931506692618115
544c7ac08e674adc939e4411e4348571,661,0,0.13694899514869047
a150b7f5d29b4717841da8b0ddd101ec,267,0,0.05062407716816153
032c8446b8e8412baf7b03a8a9f609c1,495,0,0.1533447537991522
0cb3d384edb841abbf7ec06a30e8a64d,595,0,0.17366925450703952
fdc74535b9c44cff8471f583cdce71a6,334,0,0.15454687568335895
cebcfa23f14640248010071dc05e3abc,177,0,0.09016681414211764
94f22d7815284acdb83b99884f18c58a,429,0,0.16437157194368557
f4915271ac704ef39efaabf901b9f181,324,0,0.1527457313372278
0a2d7094240d45a48840651c88dac05f,658,0,0.16988885875428517
ddaf1faffc2040aba02d7ffef7196eed,124,0,0.1804180742110147
81d3d250561243769782eebb77c03df3,619,0,0.14912345430364232
b176dbfd067a43c3bf592ca859ac90c8,278,0,0.17277777008658207
0457436301ce4e10ba99a05841178219,791,0,0.1099309638976197
46c29f39349844e598b4682b0cf46a2e,551,0,0.175711265008608
683166a2c02f42a3958afd66d244eacd,504,0,0.18834889132711374
2612337bc4834cb2bda897058721c2ce,685,0,0.10241163831550115
0d66e93005a84946abb9595ccb57b1e5,182,0,0.15517592792344387
370c452206474132af512af93d5e00c2,121,0,0.1466140215233196
e28e650f31e64092b4d57a337d8c0a47,26,0,0.07900916037130618
464433f958ce415b969020aab4ce7b75,159,0,0.17818200012758062
5c4b5e04bae645088575d588efac8ab3,237,0,0.17587822336050202
0ee74204b54e4bcdb8b40e9904629321,118,0,0.15556413279763937
2cc922e3c1c14707b824c34e1cc8ca6f,331,0,0.18323553529226527
fc02e014f1724c45857389ec1dbd75d4,532,0,0.07978893596990988
0569ec1dcfa549f799fe55a5c53ddd88,733,0,0.12363931074873857
9f297875cda544e3a70ec29fc9eefe60,227,0,0.1669826119831166
7ba5357530a34c5a93f2171c7f6838e4,299,0,0.1485743093813514
609e76bb0fb3417b833d766f3e30dcc0,527,0,0.16778538266301823
6dcb47f9e10342d2b876266c582aff7c,294,0,0.18783428604230124
42f9384e4f8d472ea1c5ea56b911709b,177,0,0.1447405627283435
320a8847c36b4e859dd3bb96171364dd,64,0,0.16458013878570538
086153afd1c5401ca668a9ef0fcdff24,7,0,0.0879244821414667
e82283b7416e492abf8eed390a4c6471,185,0,0.1824393812355728
cacac8663fe84549bc0665d2d40bab22,371,0,0.18347642704850586
533a359c8b1642c18607c946e2565986,584,0,0.17300034967654365
f4bf678c08654354a6a4bdb74f48992a,794,0,0.18253831907894236
b1e65e9a3dbc4bdb87f5a0707f6cab6c,186,0,0.07722743478414579
62f3f4975f7449349199c835ef4f8013,64,0,0.12919507606390274
990b64b7a45f4e9894b5f9e7a4b95785,734,0,0.16942288073106443
7f71f2437c11407e8fca2a6d7ac814cd,170,0,0.17627257562114995
df5699c5c6c94e73bba5b0cd93cc0465,591,0,0.11045341057970431
0fbf3179827d4b739cda4d28aeb3aa55,427,0,0.1750178612417274
1d103e1e0c0446a988e94c2af1df4863,504,0,0.16131780242334814
09a994264d20443da2a238722a5faf6e,20,0,0.12666113046776506
5fc33b99ab974e3186875cd2e0b82955,793,0,0.17665374822291435
83f4ddeefbd541b88d6ad53303331f1d,618,0,0.18053697846452516
1ad4f2d1abe84186b5a328984cec78d8,178,0,0.02942740523475118
4df10443940d48a880051ae5e3e89f6f,610,0,0.1578759183680114
32f970e1e7494e2b807af1c64f5369b9,571,0,0.1618576411728332
7840062fdb524fe88d9a23922fb83bcd,373,0,0.18221043937096515
b04cd2905a5c4285b117523bd73327d1,38,0,0.16993675553303722
f689c6691f70474b84aeaaa36945a66f,515,0,0.08208729627376432
0735ef5ef92e44f196c2ad6a4752cd8e,739,0,0.15357250124721816
cc001554b4834de5abeece2b90605274,242,0,0.16303828044840768
0de267b27fae43f28f691794ac702db4,660,0,0.1608486917445247
6d8bca3eef734436a4bb4a0b5481bc39,166,0,0.09677422056996365
45f3ae8bf4214e52956db97181f78f0d,797,0,0.17320252396842212
1480f65958214fdda1533b0ce68f1bdc,600,0,0.14166422785211613
f7579b0baf24417b92aac6e623a93e0b,58,0,0.11143359382320911
a1078c9fe1244920bb5840b963fbf800,425,0,0.16943439093246787
807187005d6f48f3a02a960bf64bcae9,511,0,0.1775795239230083
6acf41a73e69412a81fb944adb04dcae,648,0,0.1460187643271852
016fa3d8573a44ae94aa6db7b7788a9d,689,0,0.16821126858718377
ca5d81596a154ad897a05c8828049e2c,132,0,0.17800470723080591
611813ac3ec44c039029c1cde85066c8,457,0,0.18253837530866568
8d2bdf24ee764bfa9b5cf2b6acfef1d2,541,0,0.15884817247440108
7c5429239f32493e9677d5bd6d311bb9,747,0,0.1874467404854142
91d33b8dde4c4ce39677ef1e2cd9b195,389,0,0.10460131823570135
46bd615c70454ceaa82a880d2578139f,23,0,0.14557367668205634
6ad0872a4aac46f2acda2853cb9e85a7,143,0,0.18540454159267827
37b69d24f36843049f36496da610ab48,137,0,0.10863996642465873
ff26b55ca42c4f17b355228d8406be61,717,0,0.1587858354232886
ab0f00142cfb45c19d1bea805ef1c446,759,0,0.16701360914447905
e40afa0787dd4c1d84bcc4dfddcd6021,682,0,0.17548732378245202
fa64708713384d3db4a738c1e13253bc,508,0,0.1695398506918115
c13bfe8f16754e05a5bc2d649f224e73,145,0,0.163115393144329
f740400b74554ff18b0197793662e205,334,0,0.11867724424516812
d7b57bcfbc4e455b9788b29fc8482361,133,0,0.18001146490259684
75f4f9066d7c4d0d8f5831ea6a8a6607,760,0,0.17715286490163595
f064707db2cb44e7aa2e1bcc3e02a5f7,55,0,0.17528043143468391
1d1e2c3d47b0422980660f2e583e8bc6,570,0,0.07556283746990633
1ab98eeeb072473dadc3bd305eb3a394,736,0,0.08627446170873443
c0ce610d6a444ebb96f0cfe091063421,422,0,0.1726764843003768
f2d47bba94174688bc8291120d5aaed9,665,0,0.18411443455597465
a69180405b9940ab9c4a37ce4b92d65a,162,0,0.1744876009225223
367e3f6e27664741b07cd70169731ad7,227,0,0.11753541079840418
d5fe45cef6114e2e8607db79b207083d,786,0,0.17930936318359336
f8ab90ad028d489d9bc1a8974fb95881,356,0,0.17664606471652977
cddd880bca024d82b4aeda932d61eec3,252,0,0.12309729548840315
572f28c4937644c3893a74a76554f400,444,0,0.18088851650921217
49eb521f84104878aa8d8ca644c11cae,121,0,0.017558674115951356
ee3fb612caaf4e258151f84f9cbc6cab,282,0,0.1656955543003979
0217c29e7ccb44e5a8734affe7645b84,43,0,0.04395658301358707
4da522e4fe7e407e838db7c74f77d9ad,109,0,0.07215987070857321
f9489d2d231c47eb9273c42fa8b033a9,350,0,0.09947346915304817
ef9c8ffcb976434bbfe4bab438c95ca7,81,0,0.09659539168128606
596f9bddbd6343b98515b60ae68848d1,282,0,0.1114554734288904
b7cc7fd4fd9547a89f5d5979d80c1390,720,0,0.1875540156545587
3b88f2f094434effbf3486b03dbc151f,259,0,0.1646347769861775
162408bc4f56464285b95ea00892fb46,160,0,0.15887241267378782
56ed672569c14670b0e65aeeedb0744b,537,0,0.18676061140562183
c991a9ae81534413be14319b4151fd4f,19,0,0.16206502425327857
c9b9c54876c44614bac0ceac32d6ef46,69,0,0.17399906186182917
1d9170d3252f469a9d88ee998266cc90,268,0,0.17335480116594637
839880d1b7ce42a2b237f7a1471245fd,69,0,0.139278346788881
6381fb28f65940d39f6061e17a3d78f9,255,0,0.12036123242088237
bdcd91aa4f4240faa7261e786093cfba,261,0,0.16118480805444563
d580873bedb04dd99fb9b72646165402,662,0,0.16389691631714376
0b337c57ad4844e49c4885e5d441cc45,620,0,0.18391199580031792
c82022fca1924a26af7674d749394c03,66,0,0.185468172492395
2f4b6dda0e8040caba1c208859492b66,391,0,0.16488866688589032
73d1152965f94e98b4912fe4d0a41b22,605,0,0.050124729673515445
faf1506588dc4b8a9cba541ea482ddec,15,0,0.15939823670412318
20dd36ea10d34172a042b837dbce1878,471,0,0.11792594389834954
8f4fea0e4a8e4585a7e5434f103611f6,420,0,0.11877335699199532
e35d1877fec447e5bdb41f7a63d36f28,645,0,0.18545049803747565
130e40bbfb694b959c01880f03b198c8,558,0,0.17464796748163586
83fd60b205d44b4ba2811ead43844419,718,0,0.07925295465769683
c0c9782bfdc1403985678eab664d8aa1,550,0,0.09925973750879402
6c7bdcf7365847999df8c7f9568e778d,72,0,0.17185521304531365
4b43016cb01740a49a9c24ed303f08dc,547,0,0.1804320546586653
7b4f4e5371ea42919b1abc2ce953d6d9,525,0,0.17884621866714512
880a3a6b2dcb4113bb3460db3a586744,519,0,0.1833919858215486
9d4ab6f9da5d4e338d26165c4a1d3133,26,0,0.09706809063640182
a4eb87b288594e4a8ec3c5548f38d09a,95,0,0.16217189498371437
edbe647a0fc8478b8dcc29ac01d91673,576,0,0.16400326159641943
875cf4c369ac447daea2ba69ac7ab610,86,0,0.1606596150704912
91ba532b23ca4d2da0a2530188aef8de,604,0,0.09583835816340891
d5c401f12b6646c7b744d06418d96353,516,0,0.18114456859789996
0009ded55507498490a01e16cab13f42,686,0,0.10660193746066637
7908efc67f0e4cf2b6dfdfafd00ee317,44,0,0.17600369198373012
2486626bb27442e7b2ea0ae87ab82ad6,90,0,0.16722673683547
cdbacd6833d34093a36ff584d578addd,506,0,0.11161863326099752
15ae3c7052cd4a3a851f88ba7b7a20ef,707,0,0.07843457703673629
d1251252d1e44dca97ba297bc1ad0f43,109,0,0.15536034780619445
47ac5f482a3c467ab2fbab1da021ee86,674,0,0.007631715670448291
d754bd1dc5af4748909ca8e39738845d,431,0,0.11204961265602043
b4ef6d235cb347efa0eb3b7167d63ca6,559,0,0.1527320520374566
e0c9420f18f0433ab05590673d0d2f1c,26,0,0.16690891463000335
bee2d79182184584a4cf392d839e0598,632,0,0.12397379403502345
6c0bae5c87d344e6a531f35c38f9c698,11,0,0.1719695403135993
a8b312ca17504c4a92fc54d7db245d38,163,0,0.18051891532853492
9f7eb1615e9b409ea326af5157401f51,645,0,0.12156157623014069
f9a31221949444d0be3f3dd54f583cc5,409,0,0.1812390983977663
16396f71bab040f1bd641c1931b64f94,539,0,0.17245054075789773
0a86bb53b26748f2b472d1ab96737b23,638,0,0.16996161208279387
fa9ea5342ea940fba2e5ca967e19bee1,115,0,0.17516344656527894
656e33ad09b441c28156f3223d3e346e,614,0,0.10248554303122015
3e7ee04a2be84d45a59c8d60e0690b30,417,0,0.03917190095171419
a106c47bcfaf49e38142ff752d23fddd,191,0,0.15328232678702175
23b85775a9fe4f1baa3ed3333ce05c9e,523,0,0.171298261367137
be000ae729064f5cb355bdd27bba9679,169,0,0.15880563769463363
62786ee32e0d45f89dc12f3a2f8e8b6c,148,0,0.08106646753358443
a5039d8fba684d3a8592982c4b1a9a29,197,0,0.15208376658829176
64f7c81fbaa6475d83b273a4acc9b187,765,0,0.18006892422742082
8bdabd4a72d74ff69c157beb3bb6bb91,586,0,0.06659277106126421
1845bae3e2ee4402889125176685ce42,746,0,0.13727979143721702
fa6bfac50f6240caa56ac57e148f14b2,99,0,0.1851986757123052
1d903e9d9cbc495fb502edb715f53ac5,107,0,0.12111109801894682
ba56785646224fdfb2682d8807d40ee1,189,0,0.1781615998139513
327b6408cfe148829038ef157ea00ae2,713,0,0.1830032337418901
70c0102fd4fb45f29dc43b8327a83257,580,0,0.1705693691916264
f233dfc1ca014483a1ea02745b06bf03,321,0,0.16761306744467575
1cde649823b04694a805ba9d7b8baea0,739,0,0.15244396199286603
662a2d132a574eb5a8f3bd72540048a1,489,0,0.17408756424679817
d0ee6aa6b68d45a882c1d3015577add5,711,0,0.1585855125961233
183b94c3d73841c49825ee20e7b72aae,550,0,0.138719523333993
ddcf3b130389421b8019c799b0c0ab42,321,0,0.1731675798039765
7ac4c499c15246998b1ab69e4cd4b888,527,0,0.12189097373357416
27ed26706bb24cd5b9b950ec72c35001,497,0,0.16597060949121895
ab78f230411e4398be2403f946db0c26,308,0,0.17694722832122944
fdb58dff2de14d33a2a36fbadfc3db84,256,0,0.13187440209614631
48704235494d4d1eb7c560d21d2f313c,280,0,0.18050211792082882
d1ab734cd0cb447a83c2af848f8dbe4b,445,0,0.16190410499067992
e8206f1c9d7d465fbbe47bb03f1e6147,446,0,0.08284987638405
e51aca98f0ab4ff386308ce66a9891a6,518,0,0.16438824707142563
2ee0903301284ba9b5c2e7a34f586334,378,0,0.11445459384110096
14a2420644a44f34b9cb8777e4102ce0,133,0,0.17707761697566898
756b5326d5fc4781963f807d36eddbc6,717,0,0.03814096044547827
843729c767594904b59133df8a7dd682,164,0,0.1708406900066618
dbd64a5186ae471c80c4f35c8b46c722,185,0,0.1558893627506232
134a3fc76cbf40439a7618cea60ae1c3,672,0,0.16335021831974622
f484103b8c2949488dff7ff0f97f6186,68,0,0.16077528221686693
046f19daa7374172bb742b666585b2ba,102,0,0.10897388383746465
6a3d4783676945db91f2a3626b9ed4d4,397,0,0.13684488703242187
94d65693b204443e8992fe79644e48f4,110,0,0.17371691383808852
339273a9c7204015a2bf39d62edffbcf,138,0,0.1717248109412679
53d2377740044d97ab2711679462fe2d,168,0,0.1636379467503884
e845363a131b4353b5822a765005c1a0,168,0,0.14593924855975982
51ebd57169df43478e283c03f4bb8355,490,0,0.1825037301804624
9fcda28573784a908123dcc7a0d28393,395,0,0.16003202743527756
bf7c8a0a6d354deeb672050c1733b1bc,358,0,0.0934306767047351
22ca6096b6714cc19d3eda680c21c2db,317,0,0.16498514787010432
c2915bb908814ff1b5103e46a91cfac6,770,0,0.15609836107481623
45f1dd6d85154d359b3f09b9e949f6dc,439,0,0.18200265983099617
c6516ab10397474b81b16d8338295fd0,757,0,0.17626645846477806
c46a96b1e2144991b9e112c245325c1b,143,0,0.17348491470895339
491e9928790b4ebebf5ea0a293c64cb8,86,0,0.10436492392843155
317149a2eb8f4fa88c9ffdf0148f5b96,680,0,0.17895837694562383
7bab446ab8124c3fa28ecfe7ac62189e,486,0,0.16837134912834617
3f674a78d9914f379caca638e7c90da3,68,0,0.14065427040165535
8d089de5b12b419889adf46c947482d7,336,0,0.16902494455914302
722b52646fcc46a38646b5429395b343,235,0,0.12762241605134444
e2dfb2fd6eea4e07846f483ec2fc3d8d,235,0,0.11851620450437489
601de6f5783544899593428a565a13e6,732,0,0.1782702837973304
e7d1f4b42c554c06bacb1a25a0022a2c,68,0,0.13092436205355906
60c11e61665844f6b83f1f9cc6553847,260,0,0.17953939986641382
ce9a1f10d1ad45cb8fb97793113e44da,544,0,0.07667667314543314
f8baacc6b8d746f6adff3d5f84001874,634,0,0.1591065042648197
afa26ad17677451ea1b2cdb40569397c,610,0,0.14970750635238922
f2a53c5f31f94604b933448ecf006075,261,0,0.04532240220893441
1a933e6641e54e7e9e84d5e01e79a674,91,0,0.17461391250788105
789e7d5678a44c308482cf351f6d1c96,258,0,0.16875388931551538
117288da3019495bb53c92e76383b74a,570,0,0.10223499744623082
1d7d2675e3d24b2698dad4cb4f059896,105,0,0.16487932968910457
bdf6faca427c46e286e48aeaa72da468,580,0,0.13206728634139653
855dd11df5384740a8d9ecf53864f902,149,0,0.1577663200615137
e5ac7140db9f48ddb69aae91b1aae569,179,0,0.0777128905874907
9906910e74724dcea2a255116715fef9,472,0,0.08182227614391785
286420e25a8348eb8028904fec42f4b4,646,0,0.10852970429144637
f77c4fdef0dd4176bf1057aaf366f589,560,0,0.16952560601227967
bb03a6119c6a4b5391d3361ac087aa84,95,0,0.12837175326318417
e6bd9c3f15f745a5b4c0b9245f1e8e7e,326,0,0.17301993184916542
60edb4ca1f7841a49e446a3b5b8a83c2,418,0,0.17417486792392167
3e13d3581fbc4e8db0427aa0b7720769,100,0,0.08818678051866102
af736a4a249342f4a3ad24a622d355aa,468,0,0.16116958913578683
296913365b4d451680106c3cbbdcad78,285,0,0.08129088986844168
1a4518dd36364e75a9852b65261e8c0a,76,0,0.1698819210328159
8b2619f1751343cab4dc2eb65f161435,684,0,0.17846283763261223
caf43530318b409b97eb44e0eea0019b,662,0,0.17920643774271544
2b152322ced04a6da6a166856d0d32eb,725,0,0.11810972012754528
760a25f6188a4d3387e039bcfd6d375d,457,0,0.16133081541545602
610709ccdaba42fab7ea1cbc7edbe2e7,790,0,0.1540127660559094
c64bed1029724b7b9a8eed1d56d6fe45,207,0,0.18419600177017798
736fbb32fa9346f2a3b5b01324b4a96c,581,0,0.18135991418668784
f1a40fa67f0747e3ad5c7e9b7a06f0dd,242,0,0.08302679907958277
c44a8f4cd2f34d7783ee2bcf9cecdade,646,0,0.14775019445587118
6b993b87a81a497f8ca589719a2eafbf,80,0,0.17278154425981107
388f847dd70344cca46016986a0a18bd,585,0,0.08457016456094513
a10cc43313c5429eb2b9ac56f8e3e54a,522,0,0.10304050846968937
da571fd23165457194eb35cf0fd4ebbd,471,0,0.12691565720867354
c2a4316852fd42ad88c9aa299968543f,765,0,0.09532732008461997
b0c93f6757d34504a08518f281f5feee,76,0,0.1636173191167571
6ccc98dbe45142bc85fc639cbcaae0cc,729,0,0.18066442053476134
a100513e6cc94d4ea64616da03ecfabb,144,0,0.17394233625232197
88eceae9501745a5bf7c4bbd6032889d,272,0,0.13009871722469857
3dcbf6c48dac4b0abd8f80c119e7407d,697,0,0.1498844272564121
d26839f408a642cea9c3e9bde6195648,326,0,0.10315171640859538
b73b2cd180fc4291b5bce3bfd27db87e,129,0,0.18542430462749065
fcd3e72811d3436daa63a5ccd87dfc24,588,0,0.15008467389295804
0bf384d51e7042e1b43d66f3898b1d99,224,0,0.18893087449742474
f7239a3f697046ae910d05b75578dd68,54,0,0.1705803816862373
e54334cad409445dbfce63d0170f808d,481,0,0.08005575401077542
7b10ffcfdc4341489fb188e68c82378e,497,0,0.08756344954176715
2b60ea1ee8b4470fab0aad6a43e6d2e9,734,0,0.06441297716152644
dffbfe3787e442df96337d1ae7373b87,555,0,0.16464762108819886
82b90554648146e9802d65fcd282ca54,60,0,0.09663722404378872
387ebee22e874a7995f02c8b987ace5b,118,0,0.17367523622462372
3bd7ec4883de43d79e19099474f5f978,474,0,0.08912872908948516
3dc045e015b6483c9ebeefaf484c2020,322,0,0.1820691003305313
c872eacbd6294bf89406d65679f7dfbe,761,0,0.15916706023229948
2e29391357924f6a94149b0f450cc9e0,139,0,0.18268705714570832
1da57112d90a4197b370c2e4c6230955,717,0,0.023299537516219604
0dce85cd95f74621a24239374e5c6cf7,319,0,0.17636669939357408
0dbad67c34e94106910e4caa5efa08c8,661,0,0.1669194966256458
693432a88ab54c0da82178af491944fc,218,0,0.12247548512276168
bee82a7258c342f99aedaf866b497635,285,0,0.10760511413329871
8c4a800c7c8b40b59604f432701bcd57,639,0,0.15822738609044906
9d1fe6b84f994022b637c4e610d2ffd2,485,0,0.16625770915037813
7a593f23f62348a2aee0fe198eb6befb,218,0,0.14873992056940688
c62f9592ea194f88999c40b76290254e,679,0,0.17096176298569393
a436f42a5d4741d2a4a0d1244a17dcaf,155,0,0.18653926791535186
d116e63d1a53430d922b07d00ec3cac4,558,0,0.16867016933791795
fe03a0d2bef348f2a8a0cbf7f382a2cd,224,0,0.13673928506780597
cad201a49cd74a60a811f359a47be8e6,554,0,0.17213541920509867
fd2a303aab9648528a27a0d0b4b1f5eb,48,0,0.18412334910559186
70294aea11294860b8cbe75202d299dc,81,0,0.1730212251376207
8af96d9abb1a49c79dbe8a127c4c38d0,746,0,0.0520816085799799
34030c28721c4c60901c315dacc37119,784,0,0.08439169523282719
9079f31601e844998ae0fcf65a270ba9,748,0,0.15438049413440846
fd8cdf182d8b4051ad7a1a985e244f0c,85,0,0.07951259046222553
db65b806ae8e4c4ea847e0122bd27f50,397,1,-0.10341240580897726
d978b332573c43acb86cea8d8eccd0f4,55,0,0.1578296663519992
7c1335f01a0d46fb8036b4fb9ac071f1,415,0,0.1643072693758394
cffbb6771d974d3d8f8df03ea1ea2704,274,0,0.18352956835641543
b076c7b9a81b4a87a07d2abb55e26c6e,84,0,0.18213851200021736
3294cf1c24974a948ce4fb54d7041ff7,579,0,0.14135861877791234
d784c9328ba94ee8a368b2a62ade2f38,736,0,0.13490562192778283
2eba48cd13384e6ca239a43b11089963,702,0,0.17755705572700337
9c3fac2afe964089a30d748ab0892330,32,0,0.15460415285721218
015f6e1467154ef9a2df96eb0c0c6d04,783,0,0.1698917820331341
f21b82c2e32b4cd7a07e7866c505d6f8,690,0,0.17186937171081357
2a593faed0e3475087f87f398ca9b16d,769,0,0.11875808991924591
2d3299446af14e7cb6ce6530ece9566b,294,0,0.18086112940351673
63f1e13dcdc545279b6b82ddb223d128,791,0,0.17996688087711127
2ae316f30a6f43498476226a8c3460c5,3,0,0.04871286647421297
da8a703a46a340fea221b764f276b7ea,518,0,0.138988006663345
147afa1ac71247528bae8bae3bcc9f35,468,0,0.05388420232408525
54c0ff6e314d4b598aaf4639df7d8919,641,0,0.0976476656111136
553c6fce44fd4ac0993c3976532c5543,630,0,0.0971566159918022
e8cb733d74914da68fc80b8a6e34d42e,778,0,0.18075694435894651
baeae823c52c4f368f1a7f5a998a9f11,46,0,0.13864359823594458
3f82887febec48988cf7e535fa689424,498,0,0.17176335749497523
cba6395f10914798a1beb3ebdb9cfc89,407,0,0.14841688491425514
5abc3962feaa419ca4fea1c09420255a,247,0,0.17339118822764205
1fa9ee5174234e0b8b925d49b8b787bb,733,0,0.09634426968389609
e3cdd7fd711149d19844467b12d2a00c,502,0,0.11102990208326519
a711e1fd643e46b59880ed179199de78,164,0,0.1503377704020729
3bd823816e9b4aed9e8dfbe0183ed37e,320,0,0.16066839528735227
340a9764a7194e599d7d5a470ce35b37,550,0,0.08500901859628968
578605802e354774921283f307fd0c63,797,0,0.17403604372033182
3d7107fe0a894fcaaca08dc15a3dab9a,97,0,0.1868891663711234
7c502bddb296441d8a45e2335f1ca29b,431,0,0.15230817583533435
7a086e3b5fa0454c9e1801fb1aa4a997,652,0,0.17810209941322974
5e8854bc1e994a7b89e46e50c49f2537,522,0,0.12376325447871028
2c27b317a7574a4b974a36b87b018d79,393,1,-0.04219271724381424
3f2eada6104d457fb53e6fb1fc27b1b9,694,0,0.1852827230333966
240dad75927a400ea84355093e3d1e44,576,0,0.12065332195982337
a3a14f96e2c042cf9e04c35f92e53b54,171,0,0.12116005023395265
c1a2b3ba9c8341c5a3244c5369bcfb27,468,0,0.14858547948926676
58635356608043feb574a0a0f761e8de,473,0,0.01983696850144845
f21fcdb446764c4da0f03e59efb85855,455,0,0.17101533582860662
029334f7dba54da99cc27300672744ad,730,0,0.04680827535758203
ee2ce5c8cff943cfa56bf680ee7488b4,662,0,0.12167453780690651
a206b323e882478ebaaf942fbf5a21f8,361,0,0.04937774455516214
a7225ad5b3f44d5b8e2b17cc5d8d9382,500,0,0.1732416962003524
91dcc38ccad643e2b2e7b1331542e8ea,444,0,0.17115691648079306
85eae1584a9842b2a3cd8850bbbf0b7f,96,0,0.17803178320854485
cea8c6764ff74597943760087619306e,242,0,0.08629111131910028
9c854034eef34d658a1006f9745c93bd,384,0,0.04679817920486523
8f9b12b76bcd4dbe817c5028d2e96c63,521,0,0.06981869574400873
c2c236afc1104605b4d063523918d8a0,141,0,0.0535374422380448
e01f84d5f31d424ba15184515882ba6a,218,0,0.12220054338361147
1b1f36cec8f74ac48646974ee66d2831,498,0,0.15330858893145694
a5db2f0badf64752af12bfb44dd0a5fe,752,0,0.18502306170437716
60ae609088f342938d766db195770d7d,51,0,0.1859615778471031
ae40c3bad9bb44838154bb98b3cd32e1,133,0,0.10338912343477252
88bcff3de353428c9dc0f930e5b48b8a,105,0,0.14852411519515174
43730dc27e574dc692368f836b8a9fec,48,0,0.1152813602394887
f1f9e40fd27746e99bc5f7963786c72c,58,0,0.16782269089650237
b946f394ae6e438f9bad3bf1b8b8825d,467,0,0.14896555263920525
4c3cacc5e51340a987a5a11748abb716,550,1,-1.443208873730395e-05
4eee8443548748b7b513d36a1ed22365,425,0,0.16970798479052973
afd817d6f58241ceb98bfe4ab2fdb10b,622,0,0.012033019961027902
65eea54de0524d8a99e10af61490d7d1,122,0,0.057801152766044694
cd5b8c20670941f2bca29e6f8c406d68,282,0,0.1377335388256517
cb4c21c1ba7b4de7815221d2754fdd4b,83,0,0.16725182277769096
0d713f1ea02a428c84eb277964c91328,14,0,0.17523487489104628
0e6a78e1da7a4bd5acec715c029cca08,427,0,0.1812742637515547
8a77a52525db40b5a87aff8113d86e1e,86,0,0.18457831263349728
41f262cc5ca141dc87b9cba545151935,451,0,0.16206954456476325
f26bcd0af1534538a107ad812f4148b3,313,0,0.12827393806376508
f2d95b8dc18945e4b48ddba6734111d9,426,0,0.1654650184952644
c4563b9811cd4411a40475185715779c,464,0,0.18360281791009325
a437aa43647c4b54ae7c0fab793e276b,120,0,0.17146574155998784
227d1e1d9fc44d8590fc9fe5fecce923,420,0,0.15040861765525304
0996c42b33c649e5bdaa62cfa12d6117,712,0,0.08502431648135517
953764e085974129a5c77e5f845cd79f,40,0,0.15828523798082006
d247b01571db4f5092673ef74a8e6320,699,0,0.1796277183075914
6d7c10eaf2b349838449f3881710315c,245,0,0.082771175254584
91405afa63164141b067c5551b10aa9f,471,0,0.001050496405687884
b4baa22b209045e5aec480472c1c99d3,373,0,0.17936198260310104
6211ae77a2324d4aa674a9c36f6338d7,207,0,0.15035177257861915
fafa01f8f3c64d708930fdaeac14156c,80,0,0.17866243155731626
8aaef597e9814e3b9a9d6445800b7736,511,0,0.17172089118206418
1a3fa2f65acb447797321cff0a426776,378,0,0.06602517971120508
c7afd9bd28704ed9b7cb49da016ff0cc,706,0,0.1803153767217896
26f5b6c705354fb29bb86097cd5585d8,600,0,0.15045328347947373
ec840e31657b4a4893ac95be8ba92858,790,0,0.1730301211400963
5cac4d5f0b6a47a69b1030892216866e,245,0,0.1079143304587662
1278ef12fd7343119119532529afed8f,402,0,0.1718013311552094
3126eab537464e2f8817a9757e723108,441,0,0.16255409709411017
c6f7ee2fbec446e4b2e5c81a56029926,351,0,0.16103234715973097
3e519802e415475489abe3719f82ffde,349,0,0.02178947510135354
44a14610405e46ffbc41bb17344439de,406,0,0.1055970292489008
a2b90651d0564c399edf07669f395201,115,0,0.15892034544566525
5d5a046e328d47989df4e8be40f8ee4a,282,0,0.1144362390738643
99ec4cf7570b4eabb69f6dd900f45a57,121,0,0.17952337263954138
b23cc257d0404c539520922e3724dd43,119,0,0.12132905243493602
e8bffd835dbe42bf9272a945e67491a3,57,0,0.13643041741604034
6d0285eeaf0642509fd8c39e7aeacabe,468,0,0.10621281687438755
2f1f65b68c9a4366b4464a663bdebe69,661,0,0.13983498209178769
1b2126a334744441a3364581b541918f,364,0,0.01943173957557598
afa8a7f759c541c6a8275d78e739d6fd,457,0,0.17955152569993815
920dac9604744c96ae8a5c35a56324cd,673,0,0.18339835683232297
ec264e306fd04bdc9967a787ae7412ac,471,0,0.0984435999849726
11fe2f80d55b43f9ba2f1e9d7be9c600,663,0,0.10064146912130162
e47f5eadd20a4131ae1f91d2d8b592f3,349,0,0.1445500803193448
3e6d55fc7f0e4ff78aa53e48816ee9e3,199,0,0.09604180080969366
070020a34ffe428a9bbedeadc1c37987,47,0,0.17558941863860267
cc5a559edcbb46369bbab650e54858dd,449,0,0.018400260777279853
89975759d2534ba6ad0f1e380e08ebf9,674,0,0.13307969453375018
3604e9137cbc4bd8bfbc8f4f56845374,698,0,0.15827088312372434
e584d70c1158455e9694c48ed70ea0f0,327,0,0.17417101796011858
f7efcf567f074874a53477fced8d67b1,618,0,0.17865897313117135
3393d2295072411581038c52801643c9,787,0,0.16676507654735412
e04a80fba8cc406f91709aed03ee7a4a,88,0,0.02523027625204577
ed369227246c4301956a0200b6060fd9,387,0,0.07770026889392384
686561d7e4e54884a8a2ac83dee52ca7,589,0,0.17673885643698223
1da6075b5bdf4151a5f5d46ec8a76d9b,130,0,0.10794788524961818
635116e035314942940b1feab614ab06,240,0,0.15856076311589723
c9aa45e3c5754c329d019b11795970b9,294,0,0.18625202223362514
b45d6db0b2b0435cac7bd7b8b1b32ee6,227,0,0.1796387170008364
08e75351cd1845fd856f38f181e6a7b3,398,0,0.17676620495654788
fc4feef1b59e417d90cd9cfead61dc8e,162,0,0.05949921895197302
ede0b3fbe1774230a939e70047099366,566,0,0.12013663481794307
5d1614aa27794d50bd52122dbf9c251b,205,0,0.13671072565603232
307bac35abd8475c9d848c97f97b08ad,221,0,0.1722747738712389
b6003a420df541a1bb01d3ff4e28e473,729,0,0.1805681265960667
2102c91237b3440ab4ef2b1bef72f918,259,0,0.16462826500498912
50ca8a6b694a4187821104caf4cf123f,758,0,0.07850103244732465
5d581f4b25c44a67940e89e011c45dc2,646,0,0.11764673674063647
7461c2e27dc249a7b5e6a64c676bc698,58,0,0.0967200747981578
fb8b16f65e3448b0b62cf30e4fc0f71e,739,0,0.15768568320282117
b82c9b238b3a49ad813734474193daa6,117,0,0.031238079659140494
a8c06bbb05fe4538ac6795f25bb0823c,312,0,0.16896578947543167
0c06815aa75f445c969db068bf2a27e9,58,0,0.1553152485544549
3ba99cd4205a4139b7bc5484f1a97566,737,0,0.17156524057764855
388a0964f9c9438aa74670e8a55dbe33,74,0,0.08916183256901977
56cc71c56e5c4b81bd251da1703badeb,438,0,0.17777458716662586
e7cb68a7209e49efb13df572ec693398,689,0,0.18491396912630703
de4a4956d595485bad2ff84bec945b9d,686,0,0.18532697026647604
238c88a9b94e47f290899ee0d07fd583,605,0,0.10208370416142748
8a6d965301de4f0d8f1930708fbb5fa9,162,0,0.15441889299134776
e68113e00eb842e3b2c70b5ec2fda009,98,0,0.17284696184378717
852f5dc0318747faa0081042119ec4d3,206,0,0.112155029833232
524d663e833a46178dbf9cab7b5d1f38,473,0,0.1762942448367552
460152027e0440349499e542e84f78a0,579,0,0.17047008991014573
f55a73a41cec48128dda4b1236b3893f,502,0,0.17775708034428428
aa1af374019748949ff82507348b0797,189,0,0.03926461891840344
8df21b279df94b63be7929be1b48f733,590,0,0.17681948568683964
a457c2e5a6984578b0e3b749ca122c6a,557,0,0.14160443174347664
eca32a13fb2a45d9bdca77c36ba10af5,646,1,-0.003850411067898185
705cb00ed4b540c38f3fa22f60f65e9f,788,0,0.11398152186092203
3d4a032968ed45e4a66e14c394fb8cf9,576,0,0.18409109640826282
94578c8bc9054c89987c9301de42b58d,1,0,0.17824945937757053
52f88791de5f48699f2a29366f4de2e5,607,0,0.16080563310516444
bb73914a30af4c86805cc8c38a1dca38,206,0,0.12270598184521758
328a3332921d464bab39cb0e67d2188b,715,0,0.01969170960396205
04bf7769d41048c3859e18d1a3d95c21,395,0,0.04089194263058088
803c361df53f40baba5f0b7899b09a00,112,0,0.1860268500851075
e3b864fb6dd34fcc9a4c8fd06db2828f,582,0,0.18327288543489012
c1f23d14143249e38927f437e41acd95,165,0,0.18090735889657322
b51ccf07f61e4301b786784448a32658,306,0,0.153829859542505
3ac7af303c9d4861bb5ba17f1b47fa6b,226,0,0.17737503665581905
f9fcaee56d7a46559d7ec10a0d1a8020,124,0,0.17083250297887104
443d8885ed6e4c9a992e871090cab8a3,722,0,0.18431132637766678
5751510dc7494f068350bc2f55324d6e,607,0,0.06977711664789804
b1caf61ee8ff4963a5ada39db298227d,534,0,0.08267267858321198
1ff19ca024df44c28aa09ada1e30f38a,62,0,0.14471665813060275
7bf660fc9d6e4879a4014f2e8d0419d1,44,0,0.1416033097914568
ece734223bf74cc2ac9128cf36a4f0a8,197,0,0.18336055501727122
96e51aa21b3e46a381cc5320ceaa0757,740,1,-0.004470859217052259
0bd7aa5d2b534291b26b67ac1844ae14,364,0,0.09622780864611108
3334413b20494fea9fba4e50fbf8f3ae,402,0,0.09948472876667658
a62768cbbb9f41cb8c32f670899c1f5a,70,0,0.11535739923358806
1bd6e3293d4744d0819e7a11d06578dd,712,0,0.17834394276372773
aeb2699c6c6d4c9a84aa95c10c893aac,555,0,0.07674639159495494
41b2ea92d69e458eb7d103d86e5199ca,417,0,0.14377453990579292
6ee4e1d5207b4e2da19a53a693a0503d,199,1,-0.02343369442066523
9f77e380ec9a4b5bb02a792113be263c,110,0,0.11810903099729775
4d73873c3146482d807e20af60a7f10c,593,0,0.10748466892999708
2353fabd1fdd4e3faa7590bcde28a2a1,144,0,0.17361902574859467
366507a89e2e4f439f6648dc2b866586,51,0,0.11154009127637182
085a9138f5024237aff5955812b4e1e8,185,0,0.17932466793693547
5f4ed1d1edbf4c73a8d0f8dd83f30eeb,638,0,0.15468972663835084
400294792a404ad1b099802702224f52,410,0,0.17276393821595099
7f69fcf6a3604f769f84ba55575ad114,22,0,0.10413025786659419
ac2b22586dd14bb5a9a62012b7950b9b,708,0,0.10761583259664115
430372be9614460f8cd52510a00a3468,624,0,0.148569421407732
97077bf7ff6d4aeebacdecf6a8e86bbf,177,0,0.11064989725829405
3dce5debb6de460c8137baa9ea7ef010,177,0,0.07528992018723302
211c0893dc294bdfbb932adca618c4ec,499,0,0.18153677723335
ac8ef46ec80e491c8017120799a789e8,134,0,0.1820413056255648
1848c60eb4214fdfb2f5db09b039c504,595,0,0.09199276483590701
c5c9906d6fa447dca5e54cb7ca1c7812,166,0,0.16851337916836373
f647914135924606a9aca8ba35ae57cf,382,0,0.11014581333709417
8a1ce87a602d4c4dbccb26286e9e7587,559,0,0.17488699298039662
da1fc07ab747443a9299228fb27dd622,651,0,0.15967734125090888
0686670495a3471cb4726fe42dd16aab,108,0,0.06544258919012041
a250b8747e30414dae6f161ec1f68355,451,0,0.17036195822653727
3ebb3b64cb02434ca56242c9149534eb,517,0,0.13680592233963285
df03e93646fc4ab8ab3ab84912a89f09,613,0,0.14968384498333814
0e215ec43d3f4af38381d1ce4ae5962a,519,0,0.16187940771996057
6bff352f102a4c4882218dda2a0caaff,642,0,0.17443471417083894
9ff49901e9a147cbb2c5861b0da81101,86,0,0.16217257560555043
dff66ca05f404992b06c157241174767,525,0,0.04885159563422942
1f489ac766964cc18f71aaf83c7ec5f7,760,0,0.174537708535276
3c9a8b3de5ae400cac0b11dbfee0aea5,710,0,0.18493823239297796
c8df9ab3fb1b465584e1af6e02b72581,325,0,0.17486969312020534
38831f3d278b4a4591382c0a03cfd56f,179,1,-0.09113965247453892
d27ea2a5ad6d47a591f3bfcf1694f9d8,570,0,0.1576725946089252
9b214ff2296040f0ac460e0afc417a82,695,0,0.03600174004659523
22b21ee38daa4ac698ed66ee6b17f2aa,199,0,0.14893942869527316
b5453cbc9cd640d9815fa0cdd525c6fa,18,0,0.1415177139978197
ffaa835c7410469ab91b3f52a3ecd356,383,0,0.1756822091686912
fb5de2a13cb34f71bb2be66bc01e66f0,73,0,0.07766862779555034
01154166274d4555a4b3aef85a609cc1,508,0,0.16079159817650818
4350db6867ad45919393645129dfaadc,649,0,0.10711469088463982
65a9e702ec904e8da8847a16bfbc9d5a,758,0,0.18580626450429327
8bc9b4fb1ddc4d05bec9648aaad19f6c,157,0,0.07818050315812891
8becc8e6821e4eab84b5cf8459de57db,145,0,0.15557088310011774
8f2b946f34da422598fa7d5c72e09869,586,0,0.173102901520308
1c47a4ce16ee467e88ffd2eb7e691ba6,73,0,0.09341914302349086
aaaff4994d2d496ca37399cf2903d667,605,1,-0.003288421228285654
f2e114b2c98c4f6894294b4c210ad5cc,684,0,0.17624686630692954
5029f7924da94be58a1b9fb0cb17bf08,441,0,0.16636760597079353
cb4f1317db5240549a4cd289162f304e,228,0,0.17047956211934984
58d10342a21345e992b9a2a215c8104f,547,0,0.1711000789423242
c6c46af82a77469aa7a13672d8c63b84,177,0,0.08565441315491779
8a43f2451e1c4daf9407d70faac5232a,157,0,0.06359394201799096
9d2bd9b3a76349df8742a4fbde63a202,112,0,0.11531853405405934
66ba2d2c76404440a413c6ba12ffa767,398,0,0.1721031300292163
45ed0a4229914a90b46b708bb703c551,43,0,0.1757887550332502
9a6c594fcab6433aa48a353cef765144,533,0,0.1723632559727311
eb6e07fb74aa4791baa12792f1e6c470,76,0,0.18051177555813264
ddc864e6bee44ac4a7367fa272aea211,334,0,0.01755206946703558
6066f394e3814af89722761017a8eb56,115,0,0.07123695206382696
07f15cb2404942d4b0dbd5b2629cfd33,581,0,0.17384815070832615
c0403304d30541299bcd4b930b6030be,627,0,0.16004794626722524
ef30fb1702d24a20a21af4bb02ec3eda,526,0,0.1585088180954352
1ddecc0341644a5f9504081dad437b6e,224,0,0.18134185324691138
70ce14aa2d4d4224b21cfb69149854b7,201,0,0.08281356812900131
e9a0f0611afc42ddb03ffcc233f9be2d,98,0,0.05548793673711988
43679576c5784ac58ae0101eb0815b92,542,0,0.1811747986309672
f9810e2c180e4757bb3157c1129f5e13,705,0,0.16616182555298709
7882c27aad9a4c118039242b3718dc93,468,0,0.17954713409238598
cbe2cd0edbfc40c8b4288594a5a2ccf1,569,0,0.1713588191321862
8accf153a0a44b54bc13fcd00e0a1bd4,394,0,0.15736111621762555
2d055aa4fc4f48d5a75f6def2d7f6806,764,0,0.010511854835782874
378640a3374b4afca232268983e25665,407,0,0.18524083115201334
ad740cbb551a40798b142ca023f2f7f7,795,0,0.17439474567935664
61f601fb40df4786a0ecf982ac91ad26,517,0,0.05297434781306182
cfd383d163224e1ea9a70ea6f8cdc77c,156,0,0.11395566989969946
515fff73cb1b43988c0a9c5af541bf39,493,0,0.18374280722412945
a87028d46ef740d49ae92a8ddbc98334,788,0,0.17851458717145746
0fdcb5db70224b728fbf8d1f79cf23cf,546,0,0.18552474279627051
6cc9dfb60c6e48ac8cc049b385357a8e,182,0,0.1467879259387906
493df947b91a46f9a802d45425c56f64,749,0,0.17997186358330813
420270bd545849d7a0b794a4fae3c52f,588,0,0.1805121120748563
3b8c943c0a804415ac5c829610139094,616,0,0.1841205615458852
569c3fb62c3b4920b28f2ea779d7042d,455,0,0.1801462643345879
54e2c04dafe947d18c20579d69ffb0c1,23,0,0.1760505332430451
be48b8041f9543dca77423ac0902047c,421,0,0.06163580994747192
024b2976d94d4617a26da0948fad2e70,633,0,0.15986425804066712
91b4e2193d814b8c89b1c69d4d5b9dc2,632,0,0.1771966043978166
8f50a45d411b4425bd70e44ab0756584,521,0,0.16823253716778724
917f8fbb14614b398912ba63ca68c64e,211,0,0.14449886431951442
1f1d3fd0e644433197d11dd17a491666,598,0,0.17333441252466042
ab7ac611ded74e6eb9dec5901ff3028c,619,0,0.1764956049478652
1cf449c7774e49c7b1469cdf5bbf1a8c,469,0,0.18437007170999276
d252c1c6215d46f3b199b43f862abc88,62,0,0.1792429951592146
3a13aa1d517d459d91903797dd1c1710,258,0,0.08405058703427132
f1c3bdd033be470c81c3375af8c45e6c,552,0,0.14095874671880698
741569ba31da43fbacc9cd925d55a6f4,485,0,0.12648984670333896
dda75434fb59436b8f23a139773f00e7,425,0,0.047748804348330176
d9d33d474b7947c59c2258cfd9c6a1f2,399,0,0.15771158857452272
bbf84c816c5c406babee2b1420f20975,660,0,0.17484395451574275
3698295bad594a9ca514a1893bebcd0d,267,0,0.1647221247130366
cfe70f62d1c5428f9154a73e3985071d,301,0,0.18865424819914428
3573f6e21a824f839218a335f7520182,738,0,0.09327306519072198
1c6c2d3573874183bfa50bce23e09865,208,0,0.1492025690550215
2ccb320ea1fe40e385b5cb824292e3c2,302,0,0.1694165080580819
e331bb8c7ad0461ea2b1ebb0f42ef1be,44,0,0.17501109085869426
df188bc8abce43fd88d3c58118998fba,410,0,0.1754275965028736
f664617443504375a77179d13517760e,39,0,0.17349419378974834
f85bb37574284db897794cc7acbb49fd,352,0,0.1631252236052383
2d65f63dba0c46ed875a5af2300ae3c1,322,0,0.17014084502858384
faa25be889404e73b294bab8981f36fb,185,0,0.08519955321392131
f67f2df3f01b4a25acb245f09923d42d,491,0,0.15379887266445097
b123c2d3c9eb4a4faac7620d6ec6b446,333,0,0.18264501506667807
98d52078261d4b5f963ce5c39a236236,98,0,0.1497883577660144
ad5a6fd80fbf40ea980326edac704e5b,746,0,0.019699346506505955
654b15957f184d4ba3bab79c3475a9ce,758,0,0.10335308779151248
7fdecc87496040c59a9e883d36a9ebfc,160,0,0.09637506391877287
3ca1136e7be748eeb90d3be54dbfe22d,671,0,0.09203476213336093
db115699a7b44a6a83de3c01b39711fb,671,0,0.1382512725334874
9cbd764afd31428fb82a5f5953c9c7f8,671,0,0.13752856350816395
db0882c5fc8d423c8dc8abeded1af477,671,0,0.10819403298017977
cdb582a3f51f4a7a99629359f8f2cac2,671,0,0.022920870271857907
d27b2b8935634e028ba06c286345c479,671,0,0.09667331657304812
737e9cfc6eb1410283e8b876f0549529,632,0,0.1420350363558232
a46762655e664102a8bbfe3aa07feeba,671,0,0.06944469575340151
98b77fa7c09b495abdfa6ff7a7178306,332,0,0.16987714216666533
bb34bc0740b64fdea95d97ee68a4fbc2,671,0,0.07958219160491464
3a8411fec2d841e8a88c89be5dd87dac,671,0,0.06075901683194074
42fbf455362045d8bb31e45c7b1d2a37,671,0,0.03700861497236296
5e3aabbee9ae4cc1816b08617e639f1b,671,1,-0.01579408358130785
e7c54debfaca42d58dbdb6a7cfe8a9ce,671,0,0.02759938321381261
f9ad5280e92a41ddb9481647c3708b6f,671,1,-0.029403420308649175
2f7c7ead53c945e99fb597a5e642f596,671,0,0.004783009202752542
e0e04f41f91149ae925446d1400dee8b,671,0,0.031911253536417106
3de911e125e14f44b433d0c91d2c0773,671,1,-0.06035304321980961
a0cd977e8df34792b967a125d757f64f,671,0,0.022509154993603397
49edf7023a75498da9d3503b942075af,671,1,-0.005187460741837624
e75b519318334c0e89081003586bd64d,671,1,-0.028546818902627003
73124b7160894944b1658a61f00d3d5d,729,0,0.18666488102977918
5dda958c74694084adf80895207ea60d,671,1,-0.019554737547973544
b5947c2f6f6f4d529b42ba4727908c43,671,1,-0.034239795916701676
31f6b06322144e2aa510742ee94177cc,671,1,-0.0026791413850437706
1a4e51960c4c4b2ab1244428c7f46211,671,1,-0.04081221240795574
05149343830541ad9738dee6c01790df,671,1,-0.07433985925649889
ff89d039f2864ba98660b063f70e13c5,671,1,-0.012608653346453003
32883b0b3ef54a658c20e75b01c0fd41,671,1,-0.023542958395897373
7ca87fb49c9a4967be7daa4f3cb16537,671,1,-0.029513181116422538
f54e747da0a7425bb3e04f0d658fcaea,671,1,-0.03457772522160796
a23159fbf9654348b632e100c66d2606,671,1,-0.049029279903364364
1fcd18e4845940cf9e04cca0f8cefb78,671,1,-0.09779267272088887
012741e5047d42259f7183c74867ee8f,514,0,0.08497252763228913
e8308e7746a141b888aefa8e6abe26e2,482,0,0.10092782896973523
9606adde1ecf42b1a23f6605ed232cf4,144,0,0.16211551836078963
4fda910a48774039aa31471dc9d925fe,472,0,0.15601418902354247
86f174572f754e9b9976d65143051ebf,584,0,0.08092784074285397
c666cef5cbfe4e858b15afe500c38e10,617,0,0.17542474596461788
282ef75d9e86407b9ca58e1e9af08a97,547,0,0.07893744611382808
6196c1aa077b47c78ddabf55664909fb,431,0,0.14373981340447162
3bfea42022504d41bf3416a7a5d31241,659,0,0.10689182395647073
708905c7809e40a2b9a549b2e56397d6,485,0,0.11478932610335063
41af17bbbf634b6daab4e042c4acb333,361,0,0.09852085233200936
756cc59d8f544c3da61d7228716ec457,64,0,0.1807498453086689
cb70925c21924c12957e7dab2ff927d7,334,1,-0.05871004844373695
3eb47872f44043c08c34347f7fc84258,524,0,0.10499185249511311
f9f11ec21ec348c3936eac688073bf76,109,0,0.16581482806367237
5680d98a572e426fa0366ba023c8a4b1,390,0,0.18320551536399182
9af1ca3c5b2047528072625a34112e08,166,0,0.1766879476693502
ad38a27813e449b291393a40d8aa6ec0,589,0,0.17639308348954502
ee79c1a23521453aa7eda3c562ed58e1,349,0,0.09657207262375944
8d913b5e446e4be5b41b6c3a32f89945,97,0,0.18710320093027855
62e2240d45d24bb2a3f69eec9e2a1520,534,0,0.14233929895405578
d235ba76407a4da18eb10a2801821931,399,0,0.11745656124866227
fbc810afda8f4c2db5acd31d8cc73192,769,0,0.056617230392121354
401dcade0ee544be9a85cde06d0350db,502,0,0.18359900213262487
3980bcbed2374187a212e40a3c08c5e7,532,0,0.17212814848852936
bf0a24852be14e14bcbf806977a6a7c1,183,0,0.1739056993883823
467a6d4e444f4e208180cedd59abf2b1,551,0,0.16769008385484407
259a7f00d77d4549be3d7fde30917de1,140,0,0.18303626043678295
a89f036510d94aa19b76097a16a1a861,462,0,0.16891608404865593
3e081e0e12ce40a9a8a99f11aedba247,336,0,0.1813299748579681
c33d005221cd481eab0045c0f7b95989,84,0,0.16092601950494073
b375c002a760466cb024a1a7b9ae4762,514,1,-0.011620242770678635
fa27ea2ece164b81947d44bae305503f,624,0,0.12942696237682222
41ed232a6e204cdebb66551084f2810f,344,0,0.1780718111479968
9921e0bf7eaa42c09d8be6cf0e4c9ff1,737,0,0.17249266011576303
c7ce22cc6bcd4d47b5aade905fb6ae04,643,0,0.16287900219998663
b6b198e19903459796afe08030800066,684,0,0.1479194432436145
f0c6bdca0c8940d7b7b0404618c51a73,764,0,0.07387016541836094
e2523d60b134445b84c73a8143074a1e,137,0,0.18360608999209516
51887562a8af426abca695cadd812bbd,436,0,0.12022984563890377
4130ed3e26c8401abdd43dd2e0cd71d7,547,0,0.14766460205770893
e1569c580384491c8fe88eb1385b4193,335,0,0.18102465112493954
a3e5ec8e06b44929be1c0df019cd0525,211,0,0.09038676663172074
e2fe9cf3cf6f4e2f85e1c932547ff1b1,11,0,0.10688551940993113
7a3151384d954def87a93dc7bd86cede,210,0,0.17597860914724595
10b4b41539484e569a28749a02dbbf07,80,0,0.18459809119173598
5496c5d11584497b8a5f4c8a63523290,581,0,0.18707958741595881
71d42d20f206419483fe382ecddea4fb,61,0,0.18240739936404038
3bfd86e95247413185dffb1572a33ac0,769,0,0.07648420001205702
43caefed5d704b01995d429b604994a7,298,0,0.016918741708340734
e7a5fa562dfc459783eb995784bb74eb,598,0,0.1164965866395557
06cad41b80ce4930b97851235fe9ed83,388,0,0.13582950020337176
79753d5403224eb888cb1c7b06236777,186,0,0.18097972201003976
c263383f7b534e55b69a8554f3f918ff,665,0,0.12135616288339818
616886d608c041089d235dcb6679b449,181,0,0.17397678438597158
f9ad3f96fdf140df95610d594ca400c2,638,0,0.11412640357748166
3f31a591bd554c808c1dc66d860b2ca1,649,0,0.13880036339120272
20630cbf69fc4c5bba4702f8853d818a,382,0,0.1815979176358261
67e8f4a321d847bba816c738c57eda1a,559,0,0.16347600756654168
24adea63f0774252b7acbd603fa44224,146,0,0.17150131855884737
14424957a6074aa1a2a244cdd52218f7,104,0,0.1609034359802637
9e8054ccce5746738122bbfe3556b289,541,0,0.18519427678243444
9ed25993185d4a85b5785cb35ec64eec,216,0,0.18479503617293908
36aadf7fb44f4c01a3f6d9d381b9cf07,507,0,0.17956528016238277
3ff67dcc32364d7d84dd7b8101754385,783,0,0.17719470413185945
552627cbb26e484eb13250e0e703ceb8,114,0,0.16437428226055034
71cc94fb8e05414d8ebf3e8462ace4c0,272,0,0.1542745435335447
c9b23b51538845979cbd9e8b1899ae40,566,0,0.07598508183400504
a9d0284817e949bf846b46003bab112a,277,0,0.1662562490435947
628216d48cbd4146b41e53acb4200f3f,213,0,0.1749207597657138
c33b21a839774ceb9e6704b7e70b5481,481,0,0.15451932598142126
cf2bb93b6b5a45a1aaabc08300b3bae6,257,0,0.1883798893011715
5677db664ff7426eb704dd1a415fc827,115,0,0.18149403426230354
4164fb1730e941269879c7fe874971a8,652,0,0.17829048744696796
5541d24a3e6d4573920b1844bbaa35e3,136,0,0.06935510841806747
09e3eced7b4d4dc38e645235dd3c601b,11,0,0.06343487791848113
88ea11ff5029456a864aaf0a795ca028,506,0,0.1746280632191421
55ec00f06cf445b68296a1424e428573,163,0,0.056641988442320323
6baf8abce50c4f1fb3810a85a002fe00,636,0,0.16992807872497312
3c4ba4bbc21440a4926789c9686c5c02,601,0,0.18655604139572257
fc55082a6e35417985d2dfc1b0c28169,399,0,0.10915480487671408
d9bc58aedbd944f3b4f3c6e2e1163ccc,382,0,0.10076035603477967
5f175536a3a74b388b6f3ec95f77d7d0,219,0,0.17201132855531454
6321bbeee2c64c859140462f1a164150,636,0,0.16363461120886041
f98e21db460541d48ef080ae4d3c44b7,101,0,0.1695355920645259
93a7077e0b654be68806fa3bbcb66ccb,155,0,0.18447737733179803
6f1b816497f0476c8c3c64bd52621605,242,0,0.18081619973494784
bc403a69e72e41e1b5ff556b4e0ba29c,584,0,0.09521783776224535
09fdeee488fa46e4815781a21864b566,61,0,0.127520837710758
625819af3b544f89b4692e6e2eed5da5,12,0,0.17375620832096095
79b2a2939fea4020a6bc9a142d903f4f,194,0,0.09273277035895344
165eb214893a48839efe0bb1788f692b,122,0,0.1641522995036251
67120283a7e949399e29d52598c294a9,726,0,0.19012341120838439
00c92a8920404843b866fa37c65d6193,507,0,0.1455569806495643
20edee7fb35e442593e315581b555778,148,0,0.17880898873366075
a8619ff2c77244c8b282eaf0a4061a57,369,0,0.18449365549672597
e117f0b2242b438db967d1b7039cdade,185,0,0.049055501536038604
4f7f1a70a4cf45798caaa34c837b9389,680,0,0.17675894302781647
453ceba4d72446cda1df8251d630b076,456,0,0.12101698020078344
05ad7c44d4a14178a45ffe12cb6d6371,323,0,0.14875658818325166
ffdaba8541144faeb6373121aca8593d,476,0,0.17703202273055274
35cee922dfbf4ed9aa30d3cd29c1bbc4,693,0,0.1694487674107092
44c53f3140af4d6e82ee39d37be43a32,553,0,0.1528269563803154
c46d4cdebd4c48d9a522c0083b250b5a,108,0,0.18224991142904573
9704684cdc114881aa994f42fbf4d98b,423,0,0.1760779623053283
b3088eb17df64c83adf07f0c06f151fa,526,0,0.18583803322576692
2d329fc4e2544e9fba54fe9cd9b4a196,60,0,0.18208295697717175
fc28b8d964a94904a46730c2bc858546,265,0,0.17873639246670697
a727c4f7d1a8438a8d78919714b414b6,570,0,0.09541687023964723
f5b3b10c83434dff9e725ac9a9db8ded,634,0,0.16847855584286003
3bdd587efcec41fc8a6fa4e2a42c7e31,51,0,0.18283011284425715
d8f1c64730c14d4dad58b97f6f8cb7cb,130,0,0.13324571493309229
54481fe2bf90451cabc6ac89ab6491fb,553,0,0.07449296059788146
40f0d17badbc41448b36dd90485c1bd9,120,0,0.17969328983055205
ea4f9d19f9d646aca765f17852883d48,151,0,0.035300716790986175
d24d32784d7a45398377d4466ed2d8b2,336,0,0.04551938186726823
d05399a5f5234d008f76701152905fd5,21,0,0.17849079015131064
8c474c4c213041c991fe1dd201ae97f1,731,0,0.17700648484849318
a79dc2a8eab642cb97a2518a0f7e9897,4,0,0.12080288583413545
3219540f7080473189168d746d631275,796,0,0.14112787281253286
d6801590d2fa4e7fb46d2ae46cc4472e,2,0,0.18430546155750382
7821b3a8b42641a29e0f4e4a897f4193,759,0,0.15942441430102167
8164e86a0bae47f2a728ef5f6d2e8102,467,0,0.17197460402652365
65208db777a54939b2c37ad6487c0826,791,0,0.09936625844997926
7b4575b679ac48f58136f8de85157576,84,0,0.11967690843997969
5822c2b66ba145768fd331c7bfec2cb6,250,0,0.0479057197308585
2c93fc3fdbfd4c0498c0329949cd92a1,250,0,0.11211951906464285
cc9183befeb14d9a908aacaf9b56905a,87,0,0.10285661251895273
d68d59b25f8e4a03ae5881357e13c4b1,651,0,0.04843536308819624
c023fd1bad474d388bee874ccaf4f1bc,244,0,0.16708937497797544
2ecc6297a3fe4f4481032a3bd7905930,588,0,0.04418516429419822
1fd01d33acaa4e6c91f9061ce69d0a53,273,0,0.14807097360681837
f289fdb9891d4c55968e21bfa97b2e3d,141,0,0.07460455320152498
8596381b9f8a4d66828afde5377cdfa8,11,0,0.10413129288911299
0ad7bbb9886945528224580766676a20,1,0,0.1792748584570351
9d3d689281fc47718fc67f484c9729c0,354,0,0.09425143634662636
0a69ee52349c46ef91d388f975b78794,139,0,0.029859571861085066
f9a793f8e4a84df9b16af89ac1e066f5,227,0,0.08429871512835668
5e52b6d5db914bacbd10662a09695e09,634,0,0.13280856743792652
24552a993a4a45d9b57ec9f5e59921cb,180,0,0.17725063424265758
e70749dd0bea4278b65bd15fc603fb09,475,0,0.15230686351250855
d00f6515b376433da6b1f9e06bbcc593,418,0,0.16272614678730885
c899509588c0417da459a6ca2337c997,534,0,0.1180880674823771
eaa0bca35350468db311f85a039c07a6,581,0,0.11233483013010931
76f5a6e2b51c4d8c915f06bfb210faca,91,0,0.16169378388064187
fd76afa40b2447a6ab74358cbdd2bf40,383,0,0.18538280517324124
3cb3fcc6a8ca40eeae1497627ba83757,790,0,0.17961855667213295
19dac1ad11504de6af3f478589bbe01c,47,0,0.14279885024919736
5e3b1447b0e747c499476ef2fb8e53f9,450,0,0.1691820814521106
d52b100699594a12b2a635c3a7e60aef,761,0,0.16226305043853517
a9a3b85d15084c7e8b07cb393198f5a2,431,0,0.12518858799146787
6fadf771784f4653be037f5a0a3632b9,325,0,0.17937277429711235
989f91e4b49a4285a71750bddc2ed0af,469,0,0.18645318689197643
b8aefeae98874c1ca52ff469c2dcdeac,521,0,0.17943353523649908
5838fdb072b848f8bffa7dfcf10a2883,359,0,0.16492334643469558
53b55d5deb3e4285bffebf318bbd9d56,133,0,0.06980206424163932
242eb07df41d4f65ad5d58eaeb37dd18,418,0,0.15774961618414302
460f7f31c3ab47aabcc29dfe792d827f,276,0,0.18605316478313977
a3fd757500ff405b8274c768c0693662,82,0,0.1460677270485296
37d62a225e984d49b6dbe306cf0fc143,370,0,0.13800465001692774
cdf73d7927824cbfa95b8e5f0d97e391,522,0,0.10991047392853337
ad81eeda9bf146e8992899f98ab293dd,240,0,0.15616565367272772
61d48d5ec905475da050860658c1aedc,54,0,0.15833756480180006
6ff70ce713e64ed48866c79649656709,156,0,0.1060581599444676
dcc5e37a1c794f56b6d2afdeafc7b5f4,652,0,0.12063938741019758
69e8eacaa0004709b360960ed8aa070e,365,0,0.15154564808156729
a0dc364788d54eeca41f7fdb05fe582f,126,0,0.17284491598484392
9e066edf600f4c01bf7978653d81cd98,2,0,0.13336161647313838
30b6c58641c84687a5c4e25bc94b41aa,345,0,0.1870457285464509
51960e27e7434e4ba18aa31383c9f983,514,0,0.17464418753374267
d8b8d4c192574b78a2c473095d8c2827,414,0,0.17828878889587485
9f21c52cab094cd2a4a212c25da03c5c,103,0,0.07424461865135984
123b488f1db6419b86b9e9c2c4cf1f3a,145,0,0.1839493586422623
76d7aebdb15949498d5adfb1002605b9,207,0,0.17524206181977986
72aa170d0a0a488cb59cfd714973ca51,563,0,0.17913268977894514
9a7286838b7546e18738d5dad3ca9a18,91,0,0.03293128728291905
43666a76bba042c7a13be846040743c6,486,0,0.020926199203310514
5227c3c041da465caaed6c98c87a19e2,603,0,0.17021190233711447
2ea6841fc984484084610835667cb701,159,0,0.1781179549022785
168738f307744806bcce7c497dc8a566,769,0,0.10259369933283824
08bdfb14d897497fa4deb91fd880f19d,595,0,0.17419834000172169
8dba77f1bef84be0a0d373c339e17773,373,0,0.08129584734908096
9a2ba04680ca490ca91d1c451b22f8e5,228,0,0.17893361938693686
0650663d700f42f68332ac35cb1fdc1f,170,0,0.17374653063257062
957e3a1fde614b5baf321f6c79541146,140,0,0.17073230246870363
a36ce8b92b7049e5ad863c706432fb71,232,1,-0.05695902266835651
9094406ee1094911a981416a58411046,797,0,0.04438961818009762
0a41a91f889d4963a4775a6f8427eef2,496,0,0.17159915073359738
4732ed1a299545ecb707c460900d7afb,429,0,0.14518304644215635
32a30b93bd0f49d1be94ed4f3f9b8efc,186,0,0.14397509597681307
8d8b94dcddc34e0d8f5a4d8582a6450c,733,0,0.12699589500599612
f1a96f5e8bd44429b833e52a30b82c84,15,0,0.15959374838008838
b5baf62994a64e00807f746bde85b998,786,0,0.16112962225364064
ed5b27296d1a474eb375875e2adaf82e,124,0,0.17972576023765813
abdf97797de74416b30cff3e1b7bbf2d,616,0,0.04351455287203915
dc6e30ff409a4dcaa4c01220fe29c4c8,682,0,0.08837374294462108
b7eb1cd290ce4492b84739bf9b1251b0,67,0,0.11933738533435645
6f319589ebeb44d3ad09df3679f687ad,648,0,0.09318330242686879
98d8a731e6c6425d918d0cdc13b2cb8e,140,0,0.1612905869904035
205b8d5693ab44b6ab8b71dd6cb65954,76,0,0.16904439274577876
f8505b909f0e4c4b83c10c1e75df4d02,103,0,0.15977601654972706
1bc0087db576460fa00daaf1e8a4ecbc,373,0,0.15533399070243714
fa7306d4b73942c696837aaf2c6e9363,715,0,0.16596795308933132
64831812b21d4fa58fbd84a4b30a8a0e,337,0,0.1637665668053621
609c7cfd6109474b9649ad9554e1765e,121,0,0.16395206883404445
e8cef5a235884b56a072c210dd853c6f,787,0,0.17532064607918157
7a9dd1ee76de4cc2ae69a63c37a7f2bc,434,0,0.09045885983914498
34da3317f5104b1a811c18d167fdd4f2,565,0,0.09264573733260006
3890ae686d654001b20fe129ff779697,504,0,0.1773883369387123
29438533154a4e1fa01b0125e990d8a7,783,0,0.1866158847961507
b5784ded00d84c9f8101641e985e1ff2,158,0,0.07149243257015869
421eaa2ff9f54738b00436282eb1d515,232,0,0.10325658806903154
b92c8c4f49b848309fe0d6c623fba6f4,299,0,0.17755556546822437
2a15a44fff4e4407b6b6e72931fe395d,791,0,0.0021121932426597656
6e4f596285ea43caaf891666160c2f40,104,0,0.1325458784698776
1a077814ce0f4342b809237c3a13dd04,11,0,0.11358192453411281
37ff2af6273742ca981b564a72c3f707,125,1,-0.009305911668361921
76ede21d16be43e0862aa19890800192,656,0,0.1837835961516222
dfc617dcbd5042528fbfbeafcfada2e0,221,0,0.1760872211519225
f780d79a7ac345afb858aa67eed6f33f,542,0,0.13756849797360993
b895a5e21f4845b68f9aa9b95c747fe3,74,0,0.08747425678061299
ced06e4a0de54d75bf660d8b22e86278,789,0,0.08611522753001472
10eaff8f0e9a4e47972cec7093666308,426,0,0.15767443724719749
ad7ed573a7274ca792810ed23be8e18b,386,0,0.18444458889173837
f803d1f9182745a2ad7a0259a158f21d,410,0,0.09161076731601053
4fca8c5cd59c4d0ca746f78fb23591cc,541,0,0.1576128904792629
387cc270d304403daf01e7556c68554f,535,0,0.18286821156392064
c0ef77938dcb47a99004b4f1a869c7a5,710,0,0.07908739617022115
040a7aa913ff4d2ab8cfc5fe71bb3dbf,355,0,0.18725530355132736
34f8138367d94fb09443b9ea446a578b,618,0,0.16703939356008207
061437c756fd4487a8bd9bca54129ea2,760,0,0.18726907197411952
3d4f11dae6ce4a2c94496fa85ad2a190,439,0,0.05781343172883813
eeb7cd88bae8417db31d599e526881f2,755,0,0.053958245168985786
4aa8443095524b329624167c6e5a10bf,446,0,0.15862988996078686
1399685a66434e7e8705d041899f08f3,247,0,0.17037480929402654
255d668d98f84431bac6b9e7260a3cca,185,0,0.16504506023606685
486712e027804390a0eb14379a44ebd0,746,0,0.09013214993152446
74acf4b1ce014f8294d1bd14381a9469,658,0,0.13994760018659352
f00460e1b7ec4d308a7bea2ad08a9af8,475,0,0.014947643942684552
32afc3b71ffb4b30ad7725f732ae7963,556,0,0.18817155371299948
1692fa1ef7e04cdd9caddd5ff3de4e9a,413,0,0.13667598768056255
cae8dd31958f4f4a832e9e1ce11f60d5,183,0,0.18244806973812888
7cb0805f4a5842cc8e163dc7375dbad9,582,0,0.11939331450484719
d4ad7deaa9a6483b92ff8352409add03,694,0,0.17596428422364913
a2d34c23793c4214a02f86b2b0afebc8,559,0,0.1865985471009206
1efd9fc4c08e41c3b8231a4ad6d0da43,198,0,0.16410549804222674
3c3799ac46b64e2185aa59fce118a2b8,11,0,0.14609762989572062
d8fa0066e92d42ddac3240cc7372e210,423,0,0.18153399163258999
1ee7298c276e4b63b79f9f1f1c78bc25,385,0,0.17922206386131362
1fd9132492f540d3895280560c1f504b,163,0,0.18304700622184766
02365ba5ff864527906642482aa9d950,759,0,0.18073812826962726
61170ae2d40b49f39d0a2b27d97f31d5,358,0,0.16874758369455306
6bd72382419c4895b9ec23a788412a4f,755,1,-0.01070685685506656
e7aacfd3451144659dc8496ca6c2cb12,505,0,0.17391639236705358
370b421c654b40998f29d1ae13defab2,120,0,0.18145535577411437
6ba930a8f59c4190aa090c73a79110e7,790,0,0.16317375642133725
8bd51201010543f2936eb641b4cf1fdb,429,0,0.06592251166865193
e865e365d7e44d4e8d149ae83d7352f5,170,0,0.11514280508125413
574f50b8e2d246f285de050a6415900e,0,0,0.04062343349061043
1b4dd78cb5e94c748aba388c002440af,105,0,0.18645621961899506
98771d746a774b239d41dec3435c6179,306,0,0.1730708192217612
e9b8e46452bb4019ab07a39af5afee08,265,0,0.18242738774437928
ccc27213880445cf8fb75abbcfab3080,160,0,0.18306809900238513
b447b7358b5640448fbea9cfbc30ae02,171,0,0.1744864513770319
a3cf737331ba4c33b105e1884bdfe9b4,383,0,0.18458991376896083
965b23e65a3e4417ae4fa7cdc314525a,633,0,0.15953393833240592
caf8bd7ab6ba44dda5710f111a89b01b,336,0,0.1570415594465388
3e5c1e67fb4d45a4aa3a635018d32c72,414,0,0.17246574298722167
cb62c1bd55a84108a6f052c6c324c30c,213,0,0.17788444638544304
181d7d3c83e442a6b01e5db9bcfc82e3,301,0,0.08679615580571404
7b60b974d58942d68dd12914025e51cf,7,0,0.10227139760832837
46c0cdd3bae744cd81f05af6047f9241,758,0,0.18779484469806196
e8656ff481bf4b2ca8b457a08cee7e7f,275,0,0.17069903367320405
c382fe46175a4cff8467a5a647bd889e,58,0,0.027731825900271623
f5f191b1f4f54741b0570b61a0e75087,202,0,0.1739873517045637
29aa5aed78784e8185c540f14f0134bf,284,0,0.09227004913557907
044d59c491f44111949171bc1295c69e,793,0,0.06734343024566314
b72130f4c9de4ee7b27d37cd15022cb5,405,0,0.1727042362456287
bf0fddf454474eecbf30a4732ba8cce5,237,0,0.16833007015134932
4ec16550c4664a29b125a578f20e0080,280,0,0.1795293860717312
9f4794b053784f2ea6100111216b7fcf,644,0,0.18849579417025242
f4c4ca74027f4d30bfce341d432b9c01,145,0,0.182124034043686
c329e214113d44128911ca764adf275b,784,0,0.18485979830965665
83c23c2182bd4133bb34a89b80fcbb1b,759,0,0.15092812881348194
850d9f1b3d994994ba51a7899d5c519b,276,0,0.17457785118703667
3529a987bced4060a18a4cf04f5eaee2,707,0,0.07230076588871887
f2965068bda048008495085adc061467,277,0,0.16281000424339814
542f1643770f47f1a3c904bf834d584e,306,1,-0.016392081871240194
8f937173eab74b798f7ba0af477fb79b,653,0,0.17677778034067376
57fe3f7997b04bf5bba4fd90c0907272,383,0,0.15754367457200513
6f61d09f34ed47308ab43397d3d95ff8,95,0,0.1313697554985736
c88f0fc1bcc943bca8fabc4eee448452,7,0,0.1004098744235487
30e33fff565041baaeb4197817f235b2,504,0,0.09281826453157721
c8f743ebae9d4fd08a9ef8cdfc645c84,632,0,0.17095568310594372
391658480e1d4ca59b6d3de0d2847ab3,532,0,0.1571280989846373
cdeb3c152c0249caa2be828473eed2e1,539,0,0.10136224408308286
9a3504ab024446c18ac6145c3f3a5a6c,727,0,0.17488939175821178
307147c4e22a44ada3b0af701e8b7e00,757,0,0.15931628634785971
9f23f09e5c2548d7b17e5161350d02e1,598,0,0.17865484270601356
8f25f15c6d074b9da49360f9c308adf4,798,0,0.1269412670898865
32015c5706c043ef81c104f009e5f816,358,0,0.041664909476547884
c6b8016e493c4eafaea703d07fd9bf05,679,0,0.15335344507674847
3a3dd4972fc84242ae980cafb1c4e4d3,257,0,0.022032304997569474
218c44937bb04672a0833e37e7871f08,280,0,0.15114009735276857
4f872eae8972452bbfe6b03c80f5ebbc,11,0,0.0891568579829311
54a8a7b9dc0c49308d1ea0dd63a31c71,710,0,0.11482875836118206
f91193983dbc4fafab22c597351bcb79,350,0,0.07351473293384458
cafffc4733f14ed693fbc812d5de21e4,189,0,0.1681379389727325
20e53b5ba0c5473c9d176494f20fb8db,734,0,0.1376178511424544
836a27bc7f28457f9cded3e01ddcec09,224,0,0.09469789686839608
c8543a5b66bb406e8c344c3e489906aa,47,0,0.15650637229405157
542c44755c144e7f9e681c9d089126df,472,0,0.11115952203294371
1431d7a168e241d788f124ecb3724be6,113,0,0.02346203299884886
9d29136b15f045f1a125b0194fba32f6,446,0,0.024691900178799076
0102b45574ab411490b27aaae90d4f91,362,0,0.18411250780113747
e141f2a71f6341219e73cc67724d9ee6,177,0,0.12204594442240912
33a7a8a9a04b4146a88b183962caeda6,420,1,-0.03461898753580839
abb3235fc44340d1953c1350e88adde0,140,0,0.16751285549867706
2fa7bcd0105c40dd9dea2b34af9dafca,294,0,0.17768937402227897
9d4ab991f9e74d5386e08cbe6892f0bd,481,0,0.18821476268000287
459f33aca7c140b3b0ac0e4219df0501,430,0,0.16809872675350201
ccf2c9f7659748759c87dd4782436273,257,0,0.15188567231720768
f562955fcc68451cb19171f1e4fba120,284,0,0.09566589855911833
b621547ac8e04687a3856f87c47809a4,523,0,0.15730196659036288
be3ef635ce234118becceb94d4b25c26,506,0,0.17988578915742282
651bb3a4fb1c409c88680b86a0b66850,172,0,0.18944451211255475
fa39d9ffe91b4681a51048dec3236774,201,0,0.16011042941432274
5bf1f1f7bfcc4e4bb3abad638383c69c,779,0,0.17503050631332207
e8fd54039ae743f2bc0bcd8d188e169d,791,0,0.18187902798354966
eec88c1abef94986826c2d1bbdd92ed0,202,0,0.0023713266942001487
180ae1948db242e484c39f1e7c6adcf7,3,0,0.14733683385907403
1cf47cd0fa9746b9bd639f8673b12e77,640,0,0.17962925062817015
49cf1efb4e94466c912b0f163ce6f813,178,0,0.10798835668471318
6af60ad8f7824f19923db446ea27d8be,16,0,0.1838684410161408
612136a2ceda4d1d8550329aa3307b57,500,0,0.1791339735673811
8f67b8f4bc8e45e7b93750e724acee71,300,0,0.11377430619665657
7b812f667ef64ebdb1fcf9982cd57dae,745,0,0.17208065263210975
45a244b197974d55a0c6186cdd468be6,359,0,0.17505569784993075
5f36627366f84e6f9e90e5bbfa8bae53,566,0,0.16950637319956013
cd91021e3ad7497b97cfcd738483c1e8,710,0,0.142931653244961
83c560161cf840d1ba6a20643327e3bd,584,0,0.085205267674962
3abeec76474846e492c26ef23b0c2dc6,590,0,0.1612928755431947
b70d216267a14f5bac36fb598720bfa3,342,0,0.028333990054322133
2ab4e051a5884bfdac7eca32f8c85bc4,20,0,0.04383388299535235
444676468ee340299f059bc92a33f061,37,1,-0.0017639121632756494
2f73e40777a1423fa5c9252fb0ff0230,216,0,0.1856300488745885
e20a098841b1425e870bdbb059792158,216,0,0.14262621352675559
1845f7c26cf8420c95fbd102074d2a47,138,0,0.17616181756461374
9f4200784bd149d082846e653ce44075,588,0,0.18379298422674378
807d949bbc1b45eb9b2ad697d07a5383,520,0,0.17953233715906664
89006edc3a844ff1a1bb055de6ec9487,337,0,0.17673665702692842
e211db72768f4d96a0929e6b6ad150c5,210,0,0.1834367836836614
32198f2acd55444dbc60bc52f57764ac,527,0,0.15887638706214335
7edf1e9c6d1c4b7b8d897af2b90f04ea,322,0,0.15866300920000975
d787f67f628f4b22aafc91616ea29665,686,0,0.17604738870845582
69098fe5bb7147e7b18b6ccea30601a6,466,0,0.16379586855605954
4ddacef90db44aee8f058c7cf0b06387,692,0,0.17700213305367474
ebb5090e33914464ad857828922f5d56,181,0,0.1709254441054492
655b9d59131e41df8d3645895ac2c3a9,580,0,0.17055137475404847
3824855eaf184f76897bd43e4fd5056a,157,0,0.1687472462970081
da6a70acf5bb4dc9ae14c41fee4f0e0b,208,0,0.17887032911693845
36f23b84d69941e59e328c49539c244f,414,0,0.055392155803554166
5ae7200ab12d4e81b33a138e7eb29778,712,0,0.16215540787118532
0d0578c84b8046b9af2c5d413104c861,789,0,0.180337885475923
ed569fde22fe41a1984c9becef59395c,708,0,0.09234946041172915
edb9e345b3eb46c7a7b331857d00b3da,428,0,0.1423507733178122
d96b80d347c44f69b5d60c41f1c0d8e3,543,0,0.1680790929606138
15fdf7b1c1b54fcda2d5ffe3e3f2fc0c,524,0,0.1017480794687014
afd7d38957444841aeb5b6a4cd51e675,477,0,0.1836251655708011
1a5d68485e30421ebdfcd08526182ada,5,0,0.162866435107259
0ccdd32c2df74a08a5abab7ea660df2e,679,0,0.11055958628464957
bf8c91412d004ab0a1cf5af0196162de,593,0,0.17107229889465958
d9cf5569a4e14ebea564df9fb81f2005,105,0,0.1733213957764717
2947e5347aac435d969bc42b08c1c14a,740,0,0.09154841991156076
cf47757f1d9e46ca973a6549d93da026,47,0,0.11115486470143204
6d2368fe20b8414dbedfab3e8ba52ce2,159,0,0.14451891228996788
afc7b155752d49a2a5b0d1d579f98fde,31,0,0.11786424468470702
72c9cb460b7143f887c6528b56cd0ea2,163,0,0.18398462215123496
1d6e6a132fe740f397ef15a00e6cfae3,563,0,0.17076581789300926
3dda70cd788346dbad5864cda1ad4ef1,770,0,0.1594049435070914
275a3197e2604c3eb6b690cafe26d2eb,656,0,0.13901981194998736
6270dfb3499a46daac280a7fc71af563,429,0,0.13489650737206255
1f626bbd870e471db01d51dc8f589353,736,0,0.1279623017359553
fbf63841599a404fa69e0ddab1422de4,543,0,0.14073226018745505
47ac470c969d4e8996cc878e3d27e65e,58,0,0.167561510420406
b8a1fb5735e640ce840f3de3b94fef3c,333,0,0.17694442409162536
c86b86a2356a4bdc936cadf5d2f05eca,259,0,0.1657392018024033
add81bd542b94a0f817f1420f8461238,182,0,0.08638584631096591
ff13b78bc8a94ea1ab90d4a209888a99,583,0,0.1067432008502478
92924176f709440c889f62dc776f1d33,664,0,0.14718400295247824
9d98a13dc9e541849e379333898ebeba,300,0,0.1299402451337825
988d7a8489e948d9a83d25e677afeea2,43,0,0.1763525682085269
71e622f47b6c4347acafdc2134083f19,261,0,0.17294348083043298
372319eed51e47cbb6f45d4ddeff65aa,522,0,0.17980110439363073
6d77538a2b5d453b9e2484c455b43ba7,583,0,0.08611921276933815
8ad03daa821b4c5f9b9433d74ea4488d,729,0,0.14310772306129393
6b99dae407cb4cc6bf34f69d7a7bd4ae,438,0,0.11587393664011442
37910b432d5c4ae4a44121b83f9feeed,794,0,0.15745050319933862
a9a491087f7f4be0917c5a55415aedc3,132,0,0.1814154163496402
e89d93e9fa104335a8b0ab7973d15681,682,0,0.17645342826762084
9f48e0a4f02f4baaaa6e4952b8ba551a,262,0,0.0599076416898941
35b7dcc65f1e47b497311576d29af7c4,420,0,0.05396200732636941
629f3261d3604250b5985210205ffc9e,407,0,0.14792469802480007
fc440c4d5ce046ed8fe26386cb92ba4e,417,0,0.16524364723887458
ad6d64e15e714a8297fb3d9a837fea2c,751,0,0.17381454559466186
a74807472a5143689435de008876c7fd,308,0,0.18183076197370346
a0d8edc480ab4a83a20186b198255c7d,257,0,0.07934267506981346
d031dc0feb0940c0add6450a70b06d9a,540,0,0.16292076879249773
d236d424c5d143808b4a51c2b8be2097,129,0,0.15139560746391278
f0f720bcd2d045719e7cd3b596ba2657,715,0,0.14847595644231742
03e4f6eb08df4f87a8346c44a6832a82,758,0,0.17220545237239204
50502bf84ed44848b2f32df082e54d28,445,0,0.1711609710544238
f72b743c44364001b7a6ac34cdf0d379,11,1,-0.008287360084046735
df50676d59e04c8c883a28932c0cee94,337,0,0.058783857300381104
3d07b3a04caa480aa9a52b5474db1dd0,496,0,0.18035495086352737
074782738ea04061a28a95e0a7c7fa5c,267,0,0.04023605634477018
171dafc8033b470d89a86231e4837ca8,378,0,0.0960083652209967
d5772e3317bc491b8f2efbb7c288e599,485,0,0.10182692093829376
bdd3ad0097f149138837374a182c6018,630,0,0.070279592034652
2786aff64c0f4e7fb6219fa6d72200a1,585,0,0.1695493657618075
45c5e6d6539d4f9f9489b8e3aa2dad27,750,0,0.1690377548411599
b69951860ed84790aa9db076c6bbc954,727,0,0.07559762262436304
21c0eb8b194242a485232db074122256,493,0,0.14973007771538654
a2f798b52da64a4487f7115cbd4fab61,53,0,0.17517294727801136
2f0df3bd59f446738944a45addc7b376,508,0,0.1609028122171044
363b673a4c3942b89e0322879f78e133,88,0,0.17694817974423188
0550360d12cc48ed8408883b1759d9ed,46,0,0.17457295436485354
6fa1154bed6049eeaceac73a3fbfe8a8,495,0,0.08645711848404619
42722965f7fb42eda59f9d4e80f04923,188,0,0.040281089708551154
91f8f4f7e14648fabeeaa73c4923ae8d,0,0,0.17350248557223552
158fb95ff0424fb9aca0204baca4fb23,67,0,0.1330931691508081
a6c95583b87e44c5b308dbc885d3b9a8,329,0,0.15744859031119168
d5ab68dcc0ed4f54a2b23c13b2ff95bb,34,0,0.17908451898550926
777d4869b7ed48199f4a13048758d81d,365,0,0.16077280172493502
b22bf5b61fce49f7a11cd753afa362a0,551,0,0.1629738105756378
1e8b655f40ce42c48dac6dd03c5f2e38,261,0,0.14748436523266106
64bc5928a65a4550a4a3bf82deaf85fd,521,0,0.18384938362816283
10d9f696c94d4ddeb74056c306f7ac04,746,0,0.1189085696021207
e4d1f45532c1463eaa1956706686dff5,462,0,0.18059867598757046
ec1213db930044978973d0216f94e935,616,0,0.16188670379161152
52da054f38b3466fabe85f8f38f0af81,484,0,0.16675997467961967
3838837695014c638d88b6202218fbdb,12,0,0.178291646456479
bfd52225c5ad425ba7f1d7422ee42ab5,552,0,0.13914424708900486
39836acf473f4171884ae170d0474a48,618,0,0.17839815090740913
58aee82d7b4c4e38944cf4b555e4828e,83,0,0.16706338461266612
d733c81907f54292a886f0b88b898128,391,0,0.17230325155133414
15874e873f994f6890dd4ebee254c995,40,0,0.16701507738747523
9455de1f5dd94a6ca62d0987da36cb57,21,0,0.1757295172901276
27d7dcb6810f42b391f7e30f8268f87e,622,0,0.0846529143276269
641562b2fdc540ce9bfb8fd78ee6b27f,708,1,-0.021549061180023088
5b928ad2b33e48f7873fe64591f22f3a,738,0,0.1429353424147718
0a04e0a7864449498315aad43bbf9d28,54,0,0.17859553982062398
8831c6aa16a84b43954ec6c10300d0be,737,0,0.1618799024889095
7bc237f505904f008c207ce3af4aa801,43,0,0.07386510605968444
b90f5013ddd242a988633103c2da6cef,613,0,0.1865734428534362
6e84fdf3d5834565a7f92b9bd1554d4f,709,0,0.1538101107535388
40e506d239e143c1af57201fe2a5fd2e,94,0,0.18059132536453565
aac13e62baf5421e95ab83ada9f7a269,102,0,0.1769393380225459
d7de5caafd0a42738231a4ebe9ee450e,351,0,0.16514543517541286
351ed5939ced41739fef1fea336051e0,114,0,0.16001241485992557
7563165215d341d3bc7d8d5347662c1c,700,0,0.18236809976404694
a8a9ec9dfa0b48f5b943a5cb459d1f5d,58,0,0.1062266404327124
c59b58c8eba046be9de94fdb12ed9de7,140,0,0.07723909239326249
8b6b312347a14db98f5ffb94cb29fb47,590,0,0.16042989040612998
8ce749a7aaeb446e9e8db66539651082,417,0,0.09240252451763442
2d01928baef444c985419863315d308a,2,0,0.15480243407078514
2b621519f4ad4736a3d2671bc8a3b92e,410,0,0.18567428662298108
61b91f96277a45548509cbe676f538c3,405,0,0.16708978736337587
e02ecbfd78df46468d6e78c62bd4b7d1,132,0,0.10167254251888475
b9cde66f88f1439c96024a3b30c19928,272,0,0.1723386021722439
d40ccbb70402414284e4f7fbb592b19b,11,0,0.11457778277632913
8c76fcaf38654af192708189f9ac84e3,168,0,0.17473450050267603
7e689ae815e6470297f326649d94935e,373,0,0.16986881339202442
dfa16f46469a42e6930f14042b9fe142,204,0,0.17716386820798735
f97bb126d0984a1891e4468203b1903a,664,0,0.05617056515574975
93f9f02bf227426ca805c6a3feff0e75,546,0,0.1690169474053288
ca15cf3aea9c41bcaef81387bcbad542,504,0,0.17424858613909106
bbd93a09410f41699f5a0bf0ecf94117,337,0,0.09582162124099958
17565f7c72d64573aa67a9a9e3f0a1f4,750,0,0.11987726694050288
f9c85c204b024effbd5cfec94b53d1df,750,0,0.12043305841051533
a4fbcb174e0f490c80be744d766f77b0,750,0,0.1265709245572884
117a64cb92404877926a3a5e0c775934,750,0,0.10029134948623142
a0151b7280764aaca502c824314d03fe,750,0,0.12456866351720447
76ef1cfb2f764a06814b52855ed36900,750,0,0.08745952742942897
ade1b262df2c4ec7879ba9ce4227a92f,750,1,-0.024743158793682385
f298ad71ba3945b4888aea04bf7da9f0,750,0,0.09390724011921281
a2260222470e4a54a1750f82939ddd92,750,0,0.07242316426181183
b6a2ded44e90489e81b64bc5a9204454,750,0,0.07081524887807583
dad701678cbb4475b8c9a1b56c66b755,750,0,0.07329785187694815
2fd03e070ddc49f9905dcbe20e7c4e42,750,0,0.056717729767105596
ce03ca41dfcc4863b8dfc18713b0a721,750,0,0.03614851110207978
5d21441527f247c8b027d2436333226e,750,0,0.029240994967395073
cd26145ff7894016ac591b0c28b6af62,750,1,-0.01068569147649745
43395d28272147bcade60c3997ee8157,750,0,0.01735988088595164
477154fc76124433b9f3eddc0901a1cd,574,0,0.15058037209713881
7ee8a27a2f214651bb8f598dd2f8e4d5,750,0,0.018917303095963733
53ede9d7db65490a9dcc6544ad1a438c,750,1,-0.005866777300325032
f0da606a447c4e93a98ef8f057e8d643,750,1,-0.0030718408709098366
88fd006e1ffa43eb83afef15b80d0db3,750,1,-0.055634810066892304
977d3f0cb6764a55a8e448e472e56768,750,1,-0.0011478636655077867
567b8d8c47f1431a857fae11dfd0453e,750,1,-0.011642620080742572
5bd524ec2edc4e06908ea6c8b7bdb9f6,750,1,-0.01649671352684645
1f96e9bb65534f578ff662c8469c67ff,750,1,-0.007131776900798803
d8dc8e486e4646eca0862558f13a134f,750,1,-0.069903655863233
b5bd72757b0b48899e50f79d1f712c6f,750,1,-0.0073624728292909225
2b60214d6f1e4d57a04deb0218eb8e83,750,1,-0.03597151964564327
33c7fea6d8dd4793a99e1ab839cd6fdb,750,1,-0.0330589665915787
d516cd7b624f4d4ebe03d49f33939c81,358,0,0.17317965289642395
6d75db50c524453db525a07a0080e964,750,1,-0.01996853651279884
af56daa0a08b4cac95a7633673493340,750,1,-0.04068896787205212
289f2ccf50f04467bd7bc3dd180802b0,702,0,0.18074557652272943
45bfe95e57db4ceda88c9a6448daa759,322,0,0.15998402734524253
70cb5dad45b342a2ad6e45c490e9d8e2,11,0,0.12855500935398712
df2f1fcaf5184c53b0408eb4b0e1af02,430,0,0.1818942647861117
14c3df9dc10f4e80b64b94377de20f7a,458,0,0.13147293395475868
69ab98c67e3e4d2b9fcba1f1307b49a0,655,0,0.16912798357153336
116b06dbac0c444d8d3c988fccd756b4,134,0,0.18329973327349575
75bd36843458486ab80e6d59dc6202ac,72,0,0.10813190970053355
70ff3abbb3e14f8da56efcc6b6bb619e,695,0,0.18435497870628198
f5926a0bd77548149a3819486f190961,433,0,0.17445322339424058
9b2da4a8e59d45f59c54834a9382a789,132,0,0.04591048096039585
da56d399092946d79f3e6c3470ea8243,334,0,0.03716354253297233
a8ecc65590a04ed69d17f965aec2859e,711,0,0.11469578807885861
86fbd8aa794d40dea216e3f94dfcaa0f,126,0,0.16111046447698618
a5f7a8fa829f4798b96065492e79af3f,537,0,0.1824123513766951
8b8e9f643e714c6bab176b7bfb14f026,471,0,0.15986360010296763
96557149f3ba4730a79040172d43d3b7,790,0,0.15516319575749354
e84e2aaf9faa4c329252151d4a2ff2e7,485,0,0.11319658122762066
21a8abbfcd9546678fb66023af1b409d,617,0,0.16999983807543478
41eb1449815a499da81851c8314303ad,215,0,0.17433567503267966
995b767aef2d487ab611e38c3721cb0b,574,0,0.12694797741548963
58eeb0c64cb24ed5834a7636b4e0f80b,404,1,-0.014496410220323108
d9c65ad635344d7f98705795caad1ff7,449,0,0.1486447826319296
bbe86477f1204880a39467ff30a914c3,244,0,0.18127974598152485
843a933f347e4bf8ae9d9218ef8cbae4,0,0,0.1065777798151401
067255f567be406eafb6c5e22f7f5134,179,1,-0.0725919285229556
d1d57742b65743afbfa54e51c8e35006,72,0,0.009109423695229601
8c800e3245c844289959efeb5ac2e058,706,0,0.16511028761373941
ca0b4635d8254d42a5205f6f0a0ee4ca,453,0,0.098517648734545
0e496795c3f04e24b353525084e58004,218,0,0.08363099201830765
88d9c64e0978461babfa8a2f2ca8ca9e,797,0,0.18370082412640487
9e7f21fedc3a4738b1be2b273f3c3ddb,489,0,0.057146417556886875
7551f37d05c441f8a652e43e7551a68b,173,0,0.15877109444909332
f50a6f72a16741a4af35cf58934aec9e,86,0,0.025644547148936603
627b6c6ea7d74e409137df73fdc17bff,54,0,0.09793986176273228
038fbbafc3df43399d9ab8b3dde7e842,444,0,0.1577755090373339
e550bdb5f339409f98d07c4a87ce1f3e,430,0,0.07899429655576617
d7c90bfa8b054fef8cc9112c93b850a7,163,0,0.18366245016993432
243fee3749cd43339fb742fa3f64977c,195,0,0.150109957366384
6e32f86837ac47e8ae5da41fdbde19e8,413,0,0.14374301043953341
43f4d9e329804a7c9411d2ce745df29f,289,0,0.18225516225417843
9a5800405ba2473d9deb157dcce2e68d,600,0,0.1535622959289979
8f88a179c1f845f294b4d94c01f6ef2e,788,0,0.16946399442678445
eed8f8cb6dd84b3ab6a064c41534adb3,554,0,0.18193938843330626
9d9e8675e758404bbd533cee90283d15,613,0,0.12485265732608164
73d9069d21334ab7bbea593658d7722e,757,0,0.17397184195463278
42896f09d9314476899659f1d3c023e5,288,0,0.16703257175444747
1c4d5ceb515f456cae513726d6505bc8,793,0,0.17836735783839452
b13f1020a608478a9d57adbfcc1e254b,227,0,0.16355091559576995
eb7405d2465f4c6697ca7eb052c8acaa,103,0,0.09172156510097862
c266bc8f3bca46488d8bd4e9dea800af,575,0,0.1642743802180759
3d8fb844be02451b9207a9ce881b5036,167,0,0.09921585318848924
606c0d0c7bb344adac1a93bfc043e6c6,543,1,-0.0024670706462656122
8f2f2d7a05c34ce6bd7d3a15f7ac1a1b,349,0,0.17030778640042982
7086c096268547a69224ddcce269494c,559,0,0.1715827600325649
340b702b55f74c04b9a0e788a27f5229,714,0,0.03855934564333785
3b427e59fdbf46b7a5631e47bfa7d1bc,765,0,0.18492703617303252
9ea1555ddc954ee693e3b15946210dfa,638,0,0.18320032306762313
2d408da47db540c5bb36ac0b17525131,554,0,0.15288548418158193
a7675c680137484abeb1cb54fab612b3,455,0,0.16129643789804288
a61217e2692e4b9599969a3b99488df4,556,0,0.1882568532514416
d4deb7d9ca5f45ecab96a6c2ffe2a696,410,0,0.11877281791564326
9703c5c619d1463b9f8862ab02168c8f,326,0,0.17045060603291162
479a3d9738024ff7b2ec459ec37ad137,511,0,0.1849578872426348
58ddefd735af49759c7e06473033b723,505,0,0.18176798140192374
0b835635e78642859d0383aaf5d7e449,5,0,0.1527247027407802
cfd3b0c9f4964f31a35ea7275f8a29c3,537,0,0.06362027002782078
3849c8daa207475d940a285d3b0a3f78,73,0,0.10347283127357593
8ad03775443349f98636e0b00be76e46,537,1,-0.028764210973400095
4e8e4c95f2244251a64863dbdd07d188,157,0,0.17246408391560358
938c901bea15403183e673811279da94,537,1,-0.026045068403427907
cf1dfffe77ca4bfcbf2c1dc53b7cfe98,537,1,-0.03374370596672405
5857a081187446b4b1f6d88286a86ca9,70,0,0.18600457054111996
f6015f90b3d1412581f0433e13ff5cb6,537,1,-0.029911799309939813
44ef2d66b7ac4c45b0296cc77c383ef9,547,0,0.18796162739738592
37cc046cf8e54b2d8b102b2c123cd632,537,1,-0.024342706316732632
1fa3fbb34335471b9e0751c8a6bf9f06,537,1,-0.02939164300603425
b5582bf13c444fadb5cfba4583d4ec41,325,0,0.1766517405962506
47bb07e29d0d4cfe9d4acb64d4c80699,20,0,0.13545231177834877
5e4e3bc0bd8244bea547c5fab4f23ef3,274,0,0.07143065274337385
0f1c92c3bdec47a9aacedb797f5a244e,537,1,-0.02761379065698133
527b299ca0ee447d956e892a0a0a88cf,537,1,-0.04606952873141379
4810716c70ce41069cf313c77427c5cb,46,0,0.09910523237361518
648e3fb6d434441c87e0d17dad33c0ea,547,0,0.16853951613325874
636e0cc9077d45c394cec240e5859ce2,764,0,0.15913545754092373
8934d7fdc299469dbc71f6f46d79fbd2,788,0,0.1445878262889121
01abb088b93a451c886605c7b80b3c32,610,0,0.1316116672372939
c762c34579cc42959c2503a0f251ec29,344,0,0.18346529144483353
6b912fc2cfbb457b972c872d9593cb18,371,0,0.1887738587795602
e174c5ec74664758b496476da5ff7d1e,325,0,0.16281554774075385
6d7442fe552a4b0687025b6ed6c19b53,707,1,-0.076714691804599
1a47d840287044b3a2f579dec622e2ab,510,0,0.18585101498430456
e25c4ebbc24645ffb9d2561b3f7b597f,19,0,0.1591777258081712
7e6379dd72584077a3c92d8f900afc3c,143,0,0.1508827520513909
9245538002264492b762f894bc5d619c,614,0,0.08773787072470257
19d50949355c4866a839ab5068044138,98,0,0.18549574102020033
97b13b41727945c58c36827b666e1638,116,0,0.07540497710672572
aa3ceb44a97547d0b2be5fd370edb75d,772,0,0.13632106769585722
13137339e00a477d966b794e7e385af4,405,0,0.10021262243200324
e1b7a9e6dfef42e3ba67d1dc27a111bd,250,0,0.15254245329594984
d7a44b32bb6d4951b096567f1a752c93,286,0,0.1307778284937237
da443b2fa88f411781614f43b5e3b7de,492,0,0.08281959785689824
418282806837489195ee00c9fb103c11,2,0,0.0218445639872743
56d941eb8ccb465aa4e0f78f7de76de4,657,0,0.1744863149116676
0a6dd75ac9514d8f919c0b943a459eae,430,0,0.032556555712853485
65f352abb9e04b04b56ddd76e6ac359b,593,0,0.08947056058933639
dcc769c0cf04436eabdd9d7b6ec81842,586,0,0.1812904686627161
150f4c54807d41b387f30117a4b4ed03,731,0,0.1660928785292592
5926f966891c418283162e32eea09905,477,0,0.18479895365366228
532cda63137a40b19586789b41449d95,72,0,0.1106297300178532
59555a81f1c14a749d29c0abf7540459,207,0,0.15550874606011938
cece76afb5474b68bdb1474dd1e7261d,639,0,0.1507050644107461
b745b50e762446eaaceb26cf77216397,526,0,0.17262667466610454
cc68aafeaa7d46ecbc46d0a744964231,571,0,0.1011738379509115
9faec8ad4bf649749c8e43b4b50cab7e,729,0,0.1818295557177777
d18e5b7afc1d4aaa8e2358434e76bcfe,215,0,0.08979160608690734
14a597e6fe2344739973be017f2f16af,23,0,0.16945629332234563
d6c01ebfcfb44870bcbe5e78bdab493e,154,0,0.04323069622404563
69c7c82114d24e1297123c2c1d6f0403,646,0,0.03101211600549303
5b006262ff21474984348c4a09fd1815,559,0,0.14446377604389832
166a7fa9fd7e4765ab50fc213b988bd7,535,0,0.18441208951136773
6e27d7a9b8d442e2b4be8d607c283db1,778,0,0.08028250899909312
af0b01de5e5349389466be1cfdbb950f,600,0,0.11435400418377262
c1389ab81f8242b48f6323eb78fa8aa5,447,0,0.0852947617390713
8f19c419fa2045cfabc520a40399d626,730,0,0.17431698461981743
47133fe4c30c42128a2db90b9f38f737,523,0,0.1739753795632733
df778fd5b648432d8bf282f08b8cec93,195,0,0.0525866740252951
b8c83287bcc341e6a7a78cf7f42fe4c1,11,0,0.17539581413063426
3301fc1b64c24d6bbcc327d60a21c69e,786,0,0.1771079676629086
8f4429f727ac45b4a6393c20f591f991,537,0,0.05495597353486509
d256af2698b2492f971895c6419529eb,528,0,0.15911380253925766
174747d3890440eb83b893cbd99417c0,521,0,0.15860632770597982
bbd25e51c6c14b94b5d31d0f174d9a17,770,0,0.16138572348279812
fc1ea87277b74121b6e31680d00d1b38,402,0,0.18584205545635613
e69de1616bdb4f87910a031bb0ae7a1e,38,0,0.07690449017289053
a33cdb8956a5481c8f18bd53ab9b4420,550,0,0.18225228225583767
d78fed411f9140d6972d21b934509552,298,0,0.17910707710615476
00ceea5d1df0496582fc3981e3cfc530,326,1,-0.08678905096829559
8e95a510b23a4c449ab6a35e45b56456,510,0,0.1266904108114854
d2d3fcbc88d14dd2b2c62bd39953f2b0,720,0,0.16971906571205986
7bf20e0ef59e4faa9ac79a5087c1ef48,402,0,0.1605651439432096
f5fc8ae205a442c99ddb2ba54171d17b,139,0,0.1673060439134076
7d30dc7ec4894a559c21ca2efa30ae13,722,0,0.13492568238067698
85108a9f2e9340828d60657e047daccc,232,0,0.1264981322291132
e0743b739d604fbd905f36694a1fbe16,70,0,0.12462024800767574
ea351e604a804c5bbbe524876f9ac8eb,398,0,0.0791798632407279
57950595621842d5ae91c458f9811065,393,0,0.10040012953097716
d58d356790b34759a4c159f8f78df564,125,0,0.10746713992349805
3139ae7e13474772883f5ad1613861ad,84,0,0.18110820122643162
ef949ebea4bd46cfb8b6d1b81e5b35da,434,0,0.12054027361228165
fe9abd3443a84ad9b5ea8ee062ed1348,165,0,0.18753024612523012
9d3896263ea040a7b84857d5f4f34026,414,0,0.18680750157583337
d3e3648480f946faa7a82ea7f744f3fa,293,0,0.1666552116986439
89abcd7d18cc49728c558ae8bf7c09a2,280,0,0.16711855851785573
a894398b1c9b477f89077be5d028e60f,604,0,0.17990209964977588
4e012f6a007647ef9c7b0f919b8505e0,26,0,0.17676988837514562
4047afc75f194a1cac809acaa5c12c4f,128,0,0.13170798717585214
09989f45529b4fe89c248f69e05be610,652,0,0.1836902286731606
584a0949a9ce4d66ba106ac959369973,155,0,0.15853682928087082
a061261d66bc4dee91104833a6313920,588,1,-0.015463873215787904
e66e79043df249d7ad432ab502debe51,386,0,0.1881039425820269
57ef0db59ef5463f8f19d615ead762f6,425,0,0.14017990193234997
7b9a24183a8e423f91d910735597e522,764,1,-0.009687399861912027
1e01c03ba2204b37a7a63b35720baaac,131,0,0.0828240208788743
9edd757ecdbc432485a12b65f95b0917,557,0,0.16398211338676055
0919b78f44474df3b2b4668040bdbc1c,226,0,0.16960926378169017
5ce005306afa4940ac38200b89dc1dbf,96,0,0.1845567315221996
73979c0e33134e29a8f4eba481a5ff86,153,0,0.17361298744397607
e2efcd1c62564e1a9fd876e941b6fff3,300,0,0.18184027876347458
49b4cd2d328643c29e30faa7eacb2703,468,0,0.16698381266787626
fadfd04f72a34728a6c1aae6447176f2,627,0,0.18663505482234582
266ef5ced83e4ddab5b4613b6da54ee8,654,0,0.02579419548252121
ae3b0068619145719efe3997f1d5202f,269,0,0.18561164244126793
da78998c9bb5413aa7650eb020dbdec1,560,0,0.18031588049415587
1f0e1896b3694b8d9fab6f58a1690a14,144,0,0.1494206922998662
f244de6e321b4a87a1a57a4eb41fc95b,387,0,0.126025872426327
c7dbf3f4ea17469abe3c597528afce76,493,0,0.17569872287195942
f721a2a0a4f44ae989867fc7fe58b045,117,0,0.16351064471240423
57772f45b3f944768355816c48fbbdd9,11,0,0.11090174896749683
3a974a4a6bbe421982cd45d87575cf3d,324,0,0.16007460756117442
186e5278f15a4d219f06305ca0b0659f,14,0,0.18115686986958351
8248f46c9be94491b8ebbf051baefa1e,445,0,0.06682090878033642
d43e21dad8bc4b86b7741badbd2c66d8,52,0,0.16219469168877226
a01508bedde64dbeb03b8465d4dda0e4,319,0,0.1743480568438957
33c603b92f66458d857eaebc1e348533,646,0,0.08976891787124258
b6053508158f46288ce85cf9bccdec90,779,0,0.17519700219624873
4d82495b40844dee9dbdbfaefa753610,2,0,0.06552402021410303
c29c823134634312828269230f353277,202,0,0.14385573501556942
fa563a3eea974a5b8c41de9dd4337e2f,189,0,0.13510539894353218
6e9d0a2eea1a4163903944d4fabbc8ee,712,0,0.1673188965798602
92ed3de64cd04a51be04bcf084706e39,413,0,0.15033686289128906
b5755f0acb45463687e003b92d815c10,327,0,0.09827474694524879
363dcf5a4db449328b6629d2af3e3083,144,0,0.11169649156219391
b6d96c163e3d4a73accaf51bbeb49329,237,0,0.17579752037210222
0684398afa104fa9b97ae4ba2f531262,180,0,0.09216942619965302
b06dabf96efc4b3b8e09f60cdbadc027,679,0,0.15245715565076612
5a191015e9e4433caade0bafcffe9bd9,116,0,0.09975326618700175
8c941827c10e4cff96ee95b4f0fd2575,228,0,0.09264593362035506
b98c38d2dbdd41b88ae5f2a6b405e4e6,529,0,0.17052048007374326
98e89097ecf64da08e15cccd037f4d0f,750,0,0.1721591707850596
71ccbbf8ee82413dbdf712a5d3c921db,290,0,0.17843144999238875
ef08a46af0af4de3bde1a1b101e2e0fb,409,0,0.18688852703116215
aa153572e34f402a9db052e8b0839a9b,5,0,0.18953329551042375
1445094d52ae48e69288b5c48f18cdd7,178,0,0.16832753560846364
1dfbfefde3ac4df6b0ce7c3fd9bf9236,447,1,-0.0008340945207679917
79b710b04258469b94c5b4c7d408cddf,237,0,0.16562363698813176
f6866df1e30e46a8b331ba3c9a96ebac,413,0,0.15763926739597528
f50ce6e36a3c486bae9a0585e4d644b8,273,0,0.14289144340369603
5ff7a1e490e2488fa918322e77107411,252,0,0.10655738891554384
ba1e1884a36741999855e7297dd8ab97,426,0,0.17407921298519774
311f1a2c44c944f7a2922f1a872b5d5a,255,0,0.15845562434509952
f53e004b3e0b48e09e0a93a0afdcf35e,444,0,0.1388602267564812
9f14f646853543ba8e0d17a10d0bca8d,594,0,0.09350666797677132
6f075acb317343c8b720745160ebd11e,397,0,0.17188982248699847
721c08b50bb54937abeac61148769d9d,83,0,0.16180698383455883
635f2a746a1242ac841a7879b39a366f,428,0,0.18123172376783392
6738fd7c37d144088e1928a203c3d5bc,277,0,0.035579552931743474
fc46795a1bc84035b3b2bdd5ff01b4ce,748,0,0.14800537315577844
9757c962e26d4788ad06e7a5bf34801f,654,1,-0.01089051768710747
70915a56c9634d47bb4e3455d46ea517,527,0,0.17222770970501122
6118eb29bb434e47b45df737ecaedf0b,23,0,0.1765078999424901
97851eaa90e14906ab6f9f0ac8586f52,482,0,0.053533456616368436
882cfa705da84de3952b5da067fc7423,628,0,0.17296578431617526
85cde21738024171a70d53d4da52e273,728,0,0.17834214739554505
d57cafacebe144cf84c2bece3d4e2b43,212,0,0.15788871772662066
8a5a615cee2b4ae1a64eee79c6a5ec74,201,0,0.17335695192559936
3c4b5e73bb0f42c8bcd0fc832da96a33,188,0,0.16747681600285286
55b6064c67e040c7961ea24505cf855b,648,0,0.05306870979701378
1985aaa315994a10a6a1c4b995614126,586,0,0.16278148690916017
3a20eaeecd3c44838045f6117f9ea5a9,185,0,0.15970834471867845
d9effe95b2a94dc48569c197b3053b4c,580,0,0.15129799241882125
ede4fc5c325e4d4cb72640321c66db9f,26,0,0.02692501840628614
27ae7b36116b4607b964a1e68515d9be,791,0,0.1822736695729228
6ce1826356ed4649b2e45068c937687a,252,0,0.08687320912351854
8c605fb591ce4d66a5aba88bb6981680,772,0,0.05647576699868623
6876dc074cd34f2d8676dcb849ba538e,487,0,0.1681468092869715
d2b9b831fe5f442198aa8f579a5a7a6c,210,0,0.18360500266482271
7244662bb318477486b7c2b989aa5934,288,0,0.16473846062555714
786cde0babd6445389d2102459b4529f,72,0,0.18483566165826149
763663b4aea24f58a614d93bbae7f2e3,257,0,0.110452704549097
b1ac5a3a59ef41c7b29a6ea435f21a16,289,0,0.16636718245858922
60f57d4add7f4b2696dc8281b8999636,319,1,-0.03064669221995686
3f2f4766318245c2b2376391d9ecd646,427,0,0.18645199094668097
6195ddfc33f74429a0dc4385540e11db,40,0,0.16873063947010247
4aa48e6181c94738b7a399bb26c11f14,788,0,0.17770215361085867
7c2a066b94034cbabd5179e6c4a1395f,159,0,0.16912463220787993
b1745c71aa754a03aa16e5e1f1018fd8,62,0,0.11350473452548704
0607098af20a4a1595f82842bdea3b31,210,0,0.1327670857520285
ffabfe5c614242ddb31405ad88d858df,492,0,0.1759833864064746
bff356a1394b4ad49e9df0eef54616d5,138,0,0.16634426655660473
e68984f63d094147a33fe9a753e03b46,16,0,0.1384572130074005
ea04d062c7154997b7c75031ec6cd730,4,0,0.18079201802896228
825a4ff2ca4942e88b319ede1b72f799,546,0,0.04513041864997497
c32c17aa741247b4ad66d1de7efacfb4,791,0,0.14153973479340098
944bfb1224be4769be3286f327cf51d2,522,0,0.18699785076611525
19f7dd1ae8bc4889b194b8ae1d0f4c07,192,0,0.16179619723338223
f75713ba31a1430094a37ac8f7a0f3b4,652,0,0.1874638414305715
eeb4610c39754364b5e3bfb20152c695,125,0,0.08726599166142718
4d06ae99a0be474399a87f17c681ccdb,155,0,0.16763229968450916
2784e091c1f84316b7af23929f16cef6,420,0,0.09588251335475939
5aa15a6a4f2347e88d7590841d99d7bc,397,0,0.12264879420099645
7a1f6d058cae44408c58606b9c378463,171,0,0.1735286218764968
1313f3bd8ce24bfebf77e60e6ac05a2e,757,0,0.1269458547103784
fa3a5e357e8a4af5bab3e4a0db9491ae,289,0,0.13675733486279346
422007bf8ed24522a24ea9050204926f,555,0,0.14054160795263637
8faae56d13f14ffbbbf9f9213a28a152,367,0,0.1884392694836986
152f15ef8c0e47d2a75e048b5e28a9fc,612,0,0.15673710982291839
e8ba9dba6ed2413ea067361c29f9b22c,643,0,0.17946379805788204
b351366b9e8b4ef799500944ff8873f2,679,0,0.10512032709368307
1aafeb60d7c94df78c8d86362ea61108,149,1,-0.00996528088385551
3fc8d045604041a39e514a3eaff7648b,413,0,0.09008613311760805
b48d7ef884ad4c97a56c2ba6eb27b6fe,265,0,0.18021438372908322
64fd67cd1cb04b369fd30e9fe045ab72,43,0,0.15460795296830598
6d2fc190df694afdbae56966136bc1f1,227,0,0.18266843646726993
3e339aa7c9454344b522e7f11cb1f296,431,0,0.15408789996706035
59e9ab9bd2d84e87b8f2c03ca193a60f,455,0,0.16869579255613537
c3c04d792721459d808ebdbfbb3e6162,653,0,0.15606080497242403
de71dc6b51b4432787aaa3a9b1ece66d,144,1,-0.017038194176930976
4b963760d2d7472893b19a20e73bcfc3,124,0,0.17244293896957724
c12c70d389854641bb7695db4623dc77,565,0,0.18699238477461955
76bdaf1f4166418089d259021c4ade7f,39,0,0.16206957943432782
82425ec768844b108029814b20bc6988,118,0,0.14146864946515292
adeeaba6fc15461eb9be244dabf2f216,798,0,0.1634329332245048
52e63f7c4fb748368feb5dd7ddc09749,606,0,0.17347641391595892
6bf8356d84254b9c9bd77dbe6cd3ffeb,130,0,0.1322749962417799
647bc84a808c417499f9b55fe0f2b5b1,337,0,0.10603760093378045
218bd589c4e548bf8409962b59ad6105,780,0,0.16113588628014586
8bc5e81bdf014159a724bdb0ccc06fee,480,0,0.17176544229240043
29afcfd6f41e412e97e2046a1a0c65be,643,0,0.13420591881081928
467fcec56a964878ac8a89c42ce7e0dd,522,0,0.11043573567630888
f84b9462c9f44bc59de256d5e6b1dd36,352,0,0.17519017046103352
9771bb93eb2f4ca7810399f4dc18ad7d,571,0,0.04381636376776887
3fdbeefb464f460ca36430dc2047aae8,589,0,0.18598215460531048
a0e684956e22445c8cfc0bea81c7e050,352,0,0.146192122927584
067ff4090d9c4438be4aefa34eeada36,714,0,0.17650832068716787
d5bc6758a5c644168f559cc344d35fc2,589,0,0.14410979203455515
f5383c8eb4b44a079c22b1d268896476,156,0,0.12886280265874805
f2c3882323c64d31b2362911c4ededfe,68,0,0.1881020719701761
4d48af28fa424197b9d1e4e45a9b7477,454,0,0.09036213831387763
223d95df7df24cd2905a78a159f40ae7,601,0,0.1787842465636375
7a73ca221b7d4bf3bc1b6aef231d6327,11,0,0.1480258472236215
0c9c7fef874c4b4b89b7e7b72bcca173,188,0,0.10939582610088855
3e4e5c35b38b4255b8d51cbe8bf659f3,217,0,0.18386615913470727
d2e3f62d952e45b1934a7981b371199a,81,0,0.18706755622069726
1c2240acc81c4524a965bf600d613053,346,0,0.006513223980758376
8aca0de59666480eb21e5570de94e6a2,510,0,0.0549537686750306
f29cf2a02eb74bf280e70bfd3602767b,168,0,0.18193464282655836
a78f6854c87242fb8993cb914f6ce5b9,672,0,0.14390262468282705
2e070efbdf424f8983546bb4606ed0f1,367,0,0.05015175263474797
05f7f48b781c4c079e59fa7547ccbf59,142,0,0.15492090151041793
caf674772cba45aab0c7a598ac23a774,143,0,0.1798477348337244
61146083649a470291213ff87223f5b5,706,0,0.17930629697843337
d974bb7190d2499194e2da90bb286608,497,0,0.1818473605684492
2a66600c962b4677b1a8c71d845f3efb,134,0,0.18394273562119678
ffeb285987454de791e157cf674e9bec,787,0,0.1724846533833752
496b4e7d945c44eba7bdef259e7c24a2,180,0,0.09559720213879336
634bbabbafdc4572bebd78b8f66321ac,226,0,0.1830046568607292
0cdd4c0b441248488a79a0dfec3aef24,220,0,0.0756739849857807
9ba05bb6248349e3a4afdcc7be2c9ffa,46,0,0.1489904721371717
a5285cfec9474217bddab05491289040,428,0,0.15193757929708945
0b53ef401ce041f7932a2f65e0521e9f,249,0,0.18735188539574205
e0b696b3cb934689b9533ceeb869041b,86,0,0.15167135980063323
1f8c29dbcf1f4eeebad43cfd0a8abb2d,725,0,0.11705459237691851
76e60f95cdfe4dbe832f7fce5f484b09,149,0,0.12702763451277527
adfafbdf466e4e10a250a731afef6052,287,0,0.18474700983364845
768d7048da6e4b53887a3fbf492d3168,614,0,0.02923578872984922
35a23cadd0ac485f81d0ada50f6ec44a,146,0,0.17883026258550327
d30ff46d75f54d3cbda3ee07bd0fb3a5,394,0,0.16864307758610853
0c3ada17e08548e29c1f4dcd7fe592ce,77,0,0.16487062235455363
229f23aa912548db84d7b2e5054ccea2,250,0,0.15200949011114573
2c9d589e95d34a4c98b44588b1d5f8c1,438,0,0.18320004814644603
a06b57b505fc45fcade9394a448170fa,352,0,0.1337172730188393
7e5ebc79f107489194cc3b5c6aeb42d0,428,0,0.13583763925387438
ae70db1f541e42ecb63e28977981f8b4,88,0,0.18197132062844973
46fa2fc1e82e4168b13ec84e0a7d36b5,85,0,0.17460404261334345
67751c67f38c4752b5e61bac8874d4e9,74,0,0.06725635036298316
ef32ab3b2f3c477bb35831f815082184,674,0,0.1838906991903106
4c7a30ba288440799a2b67d60bbde90b,490,0,0.17388598991837828
8a1b594b299344498f012ecbfc13b943,674,0,0.1461005391925203
c48f1550fde84a688113bca0e137bd76,349,0,0.035213090094517285
2355e23b7d4d45308b8f08e6e65c1af4,11,0,0.087297222883926
06e2b5e2a6414f25a59547ab16652d6f,31,0,0.08739455884596653
da09ae470696453f9b5de387a0bc13da,402,0,0.055460484470297555
8ea63f66bb7b42ceb87f6f4185e02d6e,225,0,0.1648967857656089
cfeffc7e248d4e978bf69f338f6e5649,401,0,0.033134652368230266
9705931eb77e476c9b44d1d9a476c9bd,451,0,0.09812897242373203
8873474b188443339982d511f0fc7058,591,0,0.17217546541379602
92a6b2a574494541b409333b401031a0,423,0,0.18301390063431278
c234b07c0df94d949d90baf4d0a90ea2,341,0,0.16929750245188246
fba2fe0ee097442ea4814b8d1575efc8,431,1,-0.02021894299728466
99763cc7e4914c329498d18b16cdc56e,504,0,0.17054117804526558
4276e5167706484388ac2fe880921fa7,628,0,0.18137994117173856
f213c94c94e4434fb05c563d8af66161,141,0,0.17930302351979105
ffa7e6d2f11a4cf9ba9983491b20a829,672,0,0.08540963488680986
c88e2ff89d404474b6061b45ebe565e7,504,0,0.15510925766662442
99941901646f4ee3a7d247a0fbd289e9,119,0,0.17280071590360313
57d98befdadd49c5a541bef6692599d7,469,0,0.17454638664836358
48533b27e56a4af1ac95b1b5ad348537,95,0,0.1683471513427361
d591187af400499abae02ee2846568ab,455,0,0.18204208233981345
b3542d3fd4d744d7af11be49caee5201,581,0,0.18366463086823193
fffde5967d134561a23005279639657f,404,0,0.16042131376135982
3ce636fb78d94d8680df5bd338de1c7a,645,0,0.02960902190543685
8046474c99514ab3993e095936e11a38,115,0,0.176559585120109
61c51a17292149a59f786da795ba3ead,155,0,0.1635913189217153
b2bf13aa194a4d08a26e6f4708f8a424,530,0,0.1650353939749863
12688daf4769462794254fb94dbedda9,259,0,0.17777653355930645
7b4bb2a641374fdca5aa7164305b89b8,217,0,0.1209558546179626
9793eeea3c2b430ba366dc0ad0c45729,23,0,0.1083976558216746
f825ec27aa4740d6b9a5fd6e595c185c,415,0,0.03660821868820002
f0765e8b4ab640138fe8c3dd2615b5ea,445,0,0.044644572445714514
3165efefc631400490cd82d0f5db8ad1,11,0,0.09854300947440153
08a2df41e5984b3fa9ae6b778982cb05,429,0,0.17987165497752505
59092ef046b140a0a8ecd2710265fc71,267,0,0.16364066697851926
e7a3ad07af824a109ae9e91527a93380,220,0,0.03366104511660939
92c8fdcc3cca4f97920f87e70a6f64eb,543,0,0.17153239867834807
ba86ddbc1a3c4384873807bc429dd99b,654,0,0.025035738866853063
f4931da4672042ff9f8c814922335cd0,653,0,0.16451406384641543
6064e5a282684f6d934abd471458f2aa,77,0,0.095737908523721
459dcc8e036b45058de9168b7f0c106a,105,0,0.1833491823117666
ff7da3dcc286462b92ac2f01aa5f093e,105,0,0.1444272438461866
a225dfe38b374ba6aff6db3ff57d41bd,288,0,0.17249984333707985
766e0297feb343c9857ff82de0af954e,158,0,0.16012868608580322
c7b762f128dc44599f0d39eb2b3982e2,710,0,0.1804975144842581
bf373d30e1bf43b48cabf8d0ddf7201f,446,0,0.18516237672750518
2a2d309c84d84a7580e134eb16f0e30e,434,0,0.050070782540285796
03cf983c26504f59ad602a5e6793b5aa,87,0,0.17707969493178538
fef29c16fb2341e184c99afe042741cc,449,0,0.13922989518791107
c4ec18a74c334b88a1c53f510cd16835,67,0,0.11477328756513983
7ecd800538e74a5e970e26ba40c634ec,68,0,0.18818019833845434
1ca77d2e4de54c6e8ba3d3d00630c2f1,153,0,0.18404786369997533
2ff049c044d24ffc8787e06f5df125ad,167,0,0.09904133290107758
dda5731ef1bf4e288121db978c643f73,697,0,0.03017920287757342
31d36e11c1784f05ab7b42f1c567c162,619,0,0.17826070547646533
92d6731fdea047e8868a6c9afb3d764c,207,0,0.16676869120797116
d6e5eb51431640b1a7e2e7ac8d4f2904,490,0,0.12033582591857894
b4f260a213fe4782aa49c4935ed1a079,261,0,0.1805856774900188
c845580f260441cb970b5873de468a04,62,0,0.16547413614966083
5079eec03a614eb1b5569e4826317117,732,0,0.16861550342735238
db0fb38fcec44fa295054453313138f6,764,0,0.11910028781193682
11f7ab2dc8ee4a74b1215c60e322666f,143,0,0.10301163960619653
99dbe55315884c989d9807235b10ae33,798,0,0.14688944716897356
71fd23cf490349e38d58811825c2ddb2,74,0,0.03608841709316202
885b6f799d2441a9adf37109783c4b41,198,0,0.18365544100865389
e0c15ce19b5845fc8112018baaadb78e,694,0,0.17378196668911933
55f516b5b64e4e099fdbbb55e72be15d,708,0,0.1710226925958686
143af29b2485428bbc24a1af1a032e86,728,0,0.17747638603259785
d58e5a50243b4fd393b9fe82cf04277c,486,0,0.056313306987698986
a5d98eeb4da74786a62ced76cb4dadd0,740,0,0.17827186167836073
5197ed6ce6384456836b85833cbee33d,288,0,0.1501771952256753
896c15a34edd45a080d65c27eb8db483,373,0,0.1612991330068227
b0679facabbe46e6bcd4860147fdc18a,130,0,0.1663899341306065
adbdf4dd90a94cb9ab33d13a0ee5004f,638,0,0.08266150826136237
7bda2c9bb33b4ca5b7c28e3518b1a312,655,0,0.1695997193734588
d2be22d7c2ec4678ae8d7743d37ae9e2,38,0,0.0881739937629501
072c30d4e3634dcfbea057967c0e5bae,155,0,0.13388411757187396
442dc1c0c744460eb4e200d76b6155ac,410,0,0.18132513000348677
bcee836568954e9fbc7e8357dd5ea0cd,344,0,0.17953579734887992
68d44bc20e71462fb3ab00fb8ceedbf5,519,0,0.08185196552979196
a2f6ab0526144b2a85c3aebdf1b4a0c5,110,0,0.14659334619251868
56c4a0a069de4336acf66d411d1f869b,258,0,0.16196806404595449
89e4ad41a38a4a98af6875bf1e4941b1,290,0,0.17170337833429078
c5d5420232bf45ffa2f2de79092ac2d8,212,0,0.18063909011695334
0e8eca95d90440d0917653cd276778be,673,0,0.08074748999010356
f71f085311714ab3a0a4899dea7adca1,402,0,0.17203224907598302
87c80963c0784fd8862f6523fdfc6b6a,170,0,0.11009738059674368
54a376ef02b14ff6a171d15659dd1157,40,0,0.07812908482054204
30df9406ee6c430cbd62ee644c35a625,21,0,0.1616253433130821
d9f110bd4618429eaf3d1435032a7a95,386,0,0.17237346215763327
1796d26ca01747de87e64c2903508beb,117,0,0.07413186617201672
eaee9f35054e443c9fe714776dd3fbc0,202,0,0.11707930286765839
c0b990a00bb74ba294315e57b360f922,222,0,0.1753643219863753
0b239884b0c546cc8614853669d4f8bc,59,0,0.12597052449164253
19ba5ba479724f43bcfadd0aac0e29f9,53,0,0.14889134497186546
7547f52984cf4bbf9395e7faade411af,116,0,0.10209939804885071
b5f120954e2e4b3d91e49f7734950fe7,539,0,0.10457480013339981
1a5895d89c0942a9a8180301294d80c5,556,0,0.17659268619560226
7932934a7f03401285af85b25e9f9f5a,51,1,-0.0323746475296679
8b7b8c1c2c9646fb92f522fa0f002519,427,0,0.1657363034347767
9e7b8a095a09484c8b15fd24d17d0db8,546,0,0.1713908199916665
bba8e44532644fa9b92ce3dc9f687218,140,0,0.17897826555582036
5a8b0201735d452c9d11c4db6dd1cd40,779,0,0.17141466260776217
6c8065620a76487e87cadccdfddf45cf,262,0,0.050248189962693035
803c3f1c64bd4308ad493eedf6ead284,697,0,0.11986233727960988
bd2419ca2b18408ca4ca23d769cc8481,619,0,0.13268736276144266
62f92c87544a4255a335a8f6130483e6,571,0,0.1420398579978564
bdcbcdfd713f4027b6e44c0132782f29,364,0,0.1800682136358176
d4cfe4c795d54bcb87560d597ea5c908,490,0,0.12913911485596974
c932e0fed5db4abf843345b9ce57c9fc,128,0,0.18786473227462408
ef2d2ec80caa484a890bb8c3ecafc53a,442,0,0.17582088435642873
3ed6c49da17e41bb8a80f6517d10c9c9,406,0,0.16520780450003614
36649752adf646668d6069d4aca59ea6,606,0,0.1822711866020103
c60d4b3660fc43f89ace83562bfd5d35,707,0,0.14534708150761355
979f7101e52347bbba99014d1fe4bff9,458,0,0.1681492714739441
80a48e5c72a8484087b47bc2dd31bf2c,191,0,0.17539487950036226
77d375c3683f4420b1f7d26b3ba453f7,548,1,-0.020543029418371828
23775b288e974e12a525911638a042d7,155,0,0.03836914248615264
ea86db4c4da147fa81dbdd41d4fff680,192,0,0.1623894841304317
c9a99ca898794f19b86549a873eef0f3,324,0,0.07018946560402317
044a769c74274a46addd7cccad503d15,451,0,0.16866251868019638
dd9591c7d14c46d5a288ba7096d65ce0,192,0,0.14955560316894784
617e18087a88470585578b45c01c2598,451,0,0.1345245488260326
6fd1b32c9daf4ab19cfa576e738dbd3e,44,0,0.07804329265656718
4d1d6615ce184d2caea68b20cac26583,653,0,0.08876848521761183
fe5d04e5003243c38adb6128fbafd6e5,654,0,0.040061186559437745
4e36bc0a847c477aab2eff8105a08a3f,104,0,0.1835355859766969
c89694af66724dcfa037f1ac1977e0b7,281,0,0.04278150067637032
2ca5c9458a9d47fab810a59a056a6a30,185,0,0.1789170038209183
656f1ba9cba8416d8438150df5155c2d,121,0,0.18657186765055128
c44f26ca0c1e4a778e154abd36cb8bed,139,0,0.15279877109258594
1f9bd2ccaad946dea4aa7326ccac2c56,727,0,0.16532980889288873
b3a3d29229dd40a1838d4044716094ce,334,0,0.1443401997937982
ec7f68c6f4a24e95a6581130c64f82f3,780,0,0.17033139807805114
564b90c9eb7e4eba8db94c9a23590dd5,417,0,0.14904687555486307
3c254d5a7d9d48fc8d8d44f440ae65b9,389,0,0.17307533954603826
30ededf0d8604057943ff2ffd837e256,389,0,0.13210871248816325
e450afd6e53d4fea8d940144a256f406,526,0,0.16315732280162637
220b7d6f246c4e07b658f730d4e0c9f7,759,0,0.16622996116617716
0120ae81d8c048f1a8484b98d4ac7d1d,670,0,0.11960914865335354
fca7d91949f145199c6fbc9eaaffbd1a,506,0,0.17537686431433797
ba9ebbb4b5b54f27ac43540dcd8c5b41,320,0,0.17520771173497374
c99bde161c0b466394d03cf495b979fd,471,0,0.12533065000398225
3795a3181e424497861a46244e3ef540,520,0,0.1834663492413079
bf7aba8bb81d4516baaeb7c6b29e9d33,548,0,0.13737101531002321
a1dc3aa650a34d5689b8e6dc2dd5681f,61,0,0.06484462473136726
996375ece2364d7f8b45fc8a83005e7f,410,0,0.06180397755029693
d3a40ad953e34c01b83e9784ecdfc9f6,713,0,0.17073680052196377
82aad26e92d4456d9dd03010783793b4,145,0,0.1711639046114774
dc86e7b26a594501b0771a8f507d122e,653,0,0.08411111313602798
12b4778fa5424459a066bf3216cd342b,112,0,0.16968219108432608
852fbd6a6a6f4a61a077a1ae7a826d8d,4,0,0.08232477612187655
69321b00c51148e891ddb158c115e892,319,0,0.16402145159753384
9e62db2dae9f4bed87a8df64cca799a1,475,0,0.18316215099706168
147dc8387cdd45e49719281765779725,738,0,0.15794358360785649
05c52786d4454e31b271fb78c1d725a5,672,0,0.1851903222976482
c6b067f20e0f4e0fb325e3d56184bf0b,170,0,0.100276162451716
0a7d46c706c64ed688639c1550efae62,536,0,0.18402616149937767
1aad6bc03eed43f7a376a198ecd77b09,693,0,0.1856821255424746
153db34c65fd4d71b8a64bd1c5835e4f,265,0,0.14420288810349097
ad8dba4d71ef4f7aabf4a4a1793e9e32,618,0,0.05698030019937683
0c06432d922d48ed82d28f1eec82783f,80,0,0.1838824107946958
2800f941c4c245cca0d6c50872c42bc1,320,0,0.14513827398502038
8c2f7c92f38f4c41959c4252fdf6c0f0,32,0,0.17372092402396533
b709c19eb0344a72a446732b1a041907,110,0,0.14749560594352779
10f28db96453413f906b0b8d52cebcea,97,0,0.17987054902095084
da73ffd3db1b45109bdf56acdefea7b8,325,0,0.15340333631943737
c64765b462d646e3a625d53b14261fbd,739,0,0.16402022210653855
a5b77b0ebbbc43caab7496b67a341629,263,0,0.1769261412052277
e96ce6cba81e4a9e8b00f691f51d6b35,263,0,0.1454573251527813
09fff5f857ca43a3b130dc65f44b8bd5,636,0,0.028573585640303767
22362331d8074f9fb4c4e4fcab029764,20,1,-0.04000943376668309
8b3b8fff0fa74f8ba3089aa98b5d23ef,337,0,0.18900442140663798
f5406a33dbc746b6b18c537b1ccaf326,128,0,0.12033237401008601
b248c89e9bbf4852917cb3150d8e21ec,692,0,0.005774644943975393
721ef9c1aa6748a38cbaebda95279faf,794,0,0.17728938804449518
9f01fcb0e88b4c949a8880d1a01b53a6,155,0,0.12558871185814935
411d19c72c314e29b7948ecd7c6a6546,109,0,0.1754688559122931
594a099eed6f4f7d920b2c3e91dc426c,160,0,0.1814403685645108
281b80c9b4f7493e9b7b33b950a35b50,657,0,0.1838563751803905
d1932b2bce344161b6e0252304f24067,598,0,0.1854350809181003
3b64575f32824e2dac0e874314c25dae,748,0,0.12454540596037794
9d1a58910d59481cbb437ce87953fda1,100,0,0.1837497562128816
5a46448fc4164683b1b8d53db60520ab,329,0,0.17698088880597612
3930daa9bae241bca45f5c73f885ec11,791,0,0.18621980850088876
e15eaab85f134c32bbbfeb557919584e,462,0,0.08611519537605922
6ca02bad16b94eba8d04ef4abff38254,201,0,0.1812814381723531
48db818d87c044989051dd115a975abe,181,0,0.17489795837357291
0f48a859133a45a0b411ab22c07c7211,573,0,0.15619385134684655
9c01535f6c7a4fd683c18e3efc35fddb,317,0,0.10690966899073268
796ae24193654ce788fbb721feda1dd4,409,0,0.15687359481490104
9b2b2080c43c4d4fb4d3ae739f7556e9,797,0,0.17107102386105383
35d1c6dd8f7343ddac575f3e34eceb55,210,0,0.1719306632584886
33b0a7c2933d4c1786d80f7fb22fac66,640,0,0.18093979440064212
97cd87bef89d461a95c61c105fbeb91b,517,0,0.0905912672356034
4de0e7e701a748f39dbc528a71f2b00e,558,0,0.14718447114221117
d8e4dc533617415eb2f26047f0a1af91,673,0,0.15462692594789146
c5aea95f564a4fd6bbe0971df25ef1fb,789,0,0.15852234752657812
b69db1b21cc44190a4d5f94cfd014fe7,770,0,0.09377752261719047
615e83d44abf41799752d56734a2a729,425,0,0.1721907664962859
af12354c10214e0f9bbc89c2d95d5660,696,0,0.10194896928357267
e9d5fd8f76a3488292b3f220dfe4e5a3,389,0,0.10988252224968226
dd7a9e4e433e436196bbd1438395038b,313,0,0.17737798443699754
f99adf74509f4c1bbf004f4f7aab337f,23,0,0.17950434240056207
bde0c86585ae4ca79fc0a0ecb03db372,444,0,0.1018750911906332
971e32ae1b504f08beb399f9daf98c1e,370,0,0.1821279807104334
7cea65aafc6c41978ead2ab44f618af2,751,0,0.17165983692066178
e8714d027a0e47648b6c1ac6840f139b,512,0,0.155488783477011
f6b29c031c7e4b2984db16aafba992cd,362,0,0.17977600844066732
3e1a257cbb4b4712a984c1d9ef5de9eb,390,0,0.18578496518157395
32ef97031fa241abaec0a1588353c745,557,0,0.1834679481362692
3a2f5f1a1df24ed485326685d264d6ec,47,0,0.16989090350092534
b1112f19d24446e2b92cd19318675057,734,0,0.15766434251355332
978bcda1b5b148369908c79e2056aaa0,0,0,0.15255446366385794
63e4f2faf0ee48f38c58fb27cbf14aa5,797,0,0.13933947978669886
68b91f8d12fb4cfbb3266c1b4b5649a2,104,0,0.18483895789268429
a3b4db06d6e041e3bafa5b9824607840,406,0,0.1820582779022018
0fdea461b8ce48e5a973bd230f5cc23c,490,0,0.16964734977699814
c7c0b98cade64392b1ae2ed475f8030f,551,0,0.139891814094192
e6ff4015f93748068cd0c8df7c35b747,22,0,0.1310800505449029
b35b1f26deb240cdb87a5e8a97b56b83,225,0,0.18017900833950895
354e6ad73553415cab00b12c746be807,706,0,0.18472537643384396
4b0230fdc56e4886a92fd6a6b387fe91,185,0,0.1769041074006063
c58f32ac98a44ba1a80f76b842fd789b,608,0,0.16757702518126966
e952ef5e57f64ec68969f425f8280568,392,0,0.15902397283279018
b5b8c1c5ee7c4f6db297f70cca76549d,462,0,0.14952454709809027
29c4c07608bf4c8788640102e5f239fc,197,0,0.11834033168817948
93a388f7cb74417695546588eaa9e974,410,0,0.016599627357104185
f13c0908bc8248b28d061b8992e3abf2,323,0,0.12104967635727437
88f897d3f0714b928b9a3324ab76f444,113,0,0.037544922260848546
e6215fc049cf45d1824bbd3f4cc64c58,364,0,0.1682935928795689
811c6dff72754e429d1bb2a1deca41ed,417,0,0.11058372555452278
853972e7327048339926cb1a38b42054,375,0,0.17289941554689214
5ba36d1e0c95485da08a015738932d2d,420,0,0.016030816993915287
f67adbdbd65549a1a8fd39324b15d79b,706,0,0.16036951417298473
bc19b9f07c1b449586a9d312e41608dc,54,0,0.16376078674932015
880fa81e919b4d888e03fc097ff768b6,212,0,0.16958903485696164
d12741e046c54bd4ac26cee18c16f5e6,356,0,0.16856024237333023
edafbc5eba1344a48dc584354b48a5c8,707,0,0.09045643789880575
7af46a712b434401b4f7d8d18590a5bc,78,0,0.18029228442360656
fecc9f4b09164df8ba7db3851a49bf6c,46,0,0.09562696121890818
f2501f2a56ea4673b29f945d5e63847a,795,0,0.18276523062130323
3853e054dcbf4d849ff75a8054514a1f,240,0,0.17990672050257212
afd5d47e5b2d4d4abfc9fc8ffbe4937d,285,0,0.014172234961818408
25951e28b29b46a98cfccd718a8c2aee,653,0,0.018778841833779092
9084f03f68984654833deea7bc7e798c,329,0,0.11816735270825401
e9d4dcdbd6c14da3971986a61d01ac24,278,0,0.17850506611897754
e75c93c368cf4a2eb517a1a27d9a0f19,571,0,0.13209366674099932
532ea573e073467aa47c7c1db2f0a781,505,0,0.1640247921363185
9163d8af82d4404aa5a184eb3b38890f,720,0,0.15947668618540434
90a7f1c83eea4e5b94737b952ff32eeb,712,0,0.18431935581099163
521df39109fe4554b9ae7ab46f64b64b,248,0,0.13285041849092244
d2100adde67048578ee03cca73c73f65,712,0,0.12734280929344177
9bb83432f370456695f5143bbc0bf9b3,551,0,0.09031437152300736
6e06d34139b144a79040f860f8639e98,651,0,0.1703721668884971
8c66c8db2ec74140adff296b92c79cae,410,1,-0.0011690397378472106
9a59979209874d3f9e6ed7efd437cf7c,196,0,0.16485412047257858
20e3ed17484a486c9a50c784276c220e,123,0,0.17340391233138824
52663ff6521a48e980c87ec89cb6b022,184,0,0.11845340713567537
84483ae8031f4d1baa8044cddd7f9703,276,0,0.04975095723920275
8fd8874278f94a1b8cafa735cec60bba,62,0,0.18127360512237722
e352abe70c0f4f76b4f7affd0b101e9c,320,0,0.07688857239294133
6153276dded54f9bb5ce0551c6373afa,102,0,0.16105060531209486
19e56d05192b4d178d16fd3e54a8cc84,779,0,0.16481808966372907
f82b2af0825b403a9aaea2fd9109cea0,714,0,0.17142370106017574
4cd99345b91e488fbe7118b5b8368bd9,344,0,0.156254561028231
17252539c95441f899b4f4f8b179e378,589,0,0.08134944634344804
d080039541ff4c91a64d4e902c99ebd6,552,0,0.15841798496468018
380015ce577b4f9e82abf973109fbcb8,39,0,0.17084419083061797
3c31807709ef4effb7092a78c4622c4c,95,0,0.1780527872618246
d1896cc36e9443859fb6429803ffdcb2,183,0,0.03728772699168115
b6d5edccec554899875076982e217114,325,0,0.09138057238728464
68b46d27f2b649e3943b18d11826b59e,607,0,0.17842167790642544
aad8a6f4763e4915938fbab4bf91ead0,247,0,0.08853644971720848
00c1f306a67d4c1884df06393d8ce93b,433,0,0.17915636072892666
84afa91e6212434ab521c881d615126e,550,0,0.1734197580515982
2fd3a4572eaa459ab28100daba0e5b5c,640,0,0.11615954185488814
f672fa7484d94765aed40cbe647a19c4,16,0,0.16237143639616747
1944226c71e6427ead762d9da993164c,129,0,0.1807847256927304
aea6798ed2e14cd09de0455bdb3306a0,689,0,0.1717213346005746
6ef5aea8c2274ddd90d116ac6c06e588,206,0,0.1816527444817959
3ced371fc5b341378997a53b8860bbe2,235,0,0.16339828685925878
44f213a935644c75ab152d60028526b3,755,1,-0.04753003762073882
daab1cc101d14c15a57974df0c92b2f2,38,0,0.16904809024824574
320d822179a24e71b0e902efcc8ccb17,255,0,0.18368595315968617
d5ee4559a9624624bc30c43a4a2468fc,136,0,0.16998886285811143
53d0779bf1c74b758fdfbc10deb19234,209,1,-0.03309263281394503
6d1f513f0890410d9240f6e164135e2f,167,0,0.017022903930971833
53b95d3e1ea7445aa1a1c34529652a7d,535,0,0.1767475403805457
25d47b588ea44fc88fbc7472672aa44f,646,0,0.1467807117320894
c5e8091ca1ae43e6a1d73d70c6cfa37f,481,0,0.04563953603238485
ef8517ffe3774451a0a68cec4208731b,206,0,0.1549119826877135
cf8e3464d44a4debb57c26287e1a011f,139,0,0.17851125661907863
ae97c495a9a54044a2a461aea4eb43fb,653,0,0.09175084093580604
22d707a13011478ea8bebf68760866f9,444,0,0.07835759965432049
3eb1524048fd417cab8f5e20abb2a0f6,717,0,0.18037161247372818
6f0171a6eb944605be26fbda6a6a2df2,443,0,0.09497897570293379
a329ab28f0604367b8291e11ff25c754,84,0,0.1706835234799426
28bc07a8a4884c06a30e83bb493847c4,733,0,0.17780621101415883
08c0d8cbb8b9435caa2d77c161306615,367,0,0.029029223050111352
3384a5b33e634555a8ce23cf6596d965,745,0,0.11212006534619662
f41be3e2c77f45a59d777da1a302c7f9,335,0,0.18744209731507094
4f3d7ad8fa3d4503a27813c48e1f85de,590,0,0.1824033498211955
5f7c1673e2784c28bbe6d66d77a8a32c,46,0,0.10699358818017207
cca2e5c0f9ce4a36a8b026bba2033ef2,182,0,0.18212892240609485
45edd81fdbee43269e43c3feb1abeb61,719,0,0.11293243899026828
181271e582c5460d8603ded8d6b230d7,698,0,0.1093242139358438
9570ecf2c2974c8a9ebb84a48f59eaf7,313,1,-0.15028114489370037
44d8c4f1d7e34ce8a5f95d424c82346f,313,0,0.06453873095886281
80f81163d5cd4aeaac3960d3ae9a827e,438,0,0.15264686327558163
b270875c5504448f9e77c4b9df6d57e9,313,1,-0.003125678480270011
1711d2dc192a43588fcac72797caa76b,313,1,-0.018736314442617807
9ab3ba6f8ad3432f900c18b25d2f7419,313,1,-0.043794756554489056
86843da6fe5f4050bcd27c04fe0ea14b,73,0,0.0640259900900072
cf150c54473d4a37b0c2403d9bd12d01,313,1,-0.050554085133815096
74ccc2dc31474aa1acaa559e638e7cba,313,1,-0.07540725426080874
1dcb5f67e6db4cba9c9e51701e59d5e5,313,1,-0.08719169896760759
f5f3783296d748899dcd41833a545080,313,1,-0.09932079939266547
24cd9a42099443588a3488d66ac29189,313,1,-0.1275840513653148
befefbb58ea144c5a133040c3a05f441,313,1,-0.14122140063892952
ffb31f1ad3aa485390f83c5ac3d9a0c5,313,1,-0.14389208920501306
47d83d3e980a4d7bb78f790f91097aaa,313,1,-0.15251563109127386
57232b739a2d40e2bbb86513ca488144,313,1,-0.156709453806117
1c100bd480e44000a081d745aece6942,313,1,-0.1602934332006961
d9fa8512a7bd4d1cb06499e89084aed2,313,1,-0.17144333865830752
2cad2fde049c4015860dd40d63553128,313,1,-0.16092909630176166
40dbd7883fa14ec9adb7207bf85975cf,313,1,-0.16571068263085542
6c60c348657e498d94ff391cd6ef1a16,313,1,-0.16286100265783532
dcef9bdf4d444de9bb78130618453958,313,1,-0.17154752380014437
7ca4d8af3cae4ba3a9188efb83072657,313,1,-0.17510740452406726
fbf44c50188c440bbe485152f0a262de,313,1,-0.16397951068113836
f4cbd6f0becc40d6a51e7aadb4b017e9,313,1,-0.1753488749391684
90de5779debd43c9a13a8afa83de29f5,586,0,0.17464251081914928
a1dbb1b38979452fb904bd3433c56ce4,313,1,-0.17818620784775863
8b73052b66694cb18a9ba92e72b9a688,313,1,-0.17294023266395808
0be14a73b63f4bb1ab4827a22ca57404,313,1,-0.18492874427047745
a1affe2dc8f34f1490cbfab914073463,394,0,0.16864365557399025
eda43916ca434849a407750789d9e00e,86,0,0.013980592941846504
e9b56359e3bf4868a977f5f23c5fa66f,386,0,0.16804491131713167
c49798c7a8fe45dcb38be4eeed7f2329,664,0,0.0031868499579010834
6beae6b8e5a244ba92190a154215edde,725,0,0.19084087291940582
c403f17ba4af472594488da2853817a4,486,0,0.12661349902046748
ff0d565fa3844cb8a67fb00696d31a0b,52,0,0.18819366329052556
0fc90df19993466292e9753720522ad6,550,0,0.12671364944910357
4eec5231092746658a616278cdef8831,695,0,0.18130211106936078
c30d681790454bbc961058f8fccec8c8,48,0,0.17566279580154326
c56a6c7165f34b7a825a3fe80a332c2a,457,0,0.05102213205697531
9b5983b742aa4bed81d8c1de35ed21a8,423,0,0.17878019401979328
55afe828816842e296f4d51adb11f0f2,455,0,0.16965402100742144
0de81e5d26f24b3da4feaf68bfd890d5,567,0,0.18301165334999303
809ffaebf5e644aca98bf5f3b51a38f3,271,0,0.16076500367234298
2dd30193c3884f129152b76899a114cb,700,0,0.09485496512073999
d63b388ea0524c7ba7b43a290c12a1f9,342,0,0.03820408128620345
2302c30cffb74b65a64a6056d4babb9d,259,0,0.16444604959845827
428229a043674288940c8ba5de8dd516,398,0,0.021282117534692224
3084f38210454db1b8aac93cb1cb9771,491,0,0.14768300755632574
cdecb56907cf4c02b21aad75936f094e,455,0,0.15970734790908797
45ee99c262ad4c13bd2b6e602502958a,772,0,0.17915987996727106
960c272087634bf9a8ac624bd05fd4a8,653,0,0.0904965723214266
16007974ae604d318b90c0766dd3b3d9,60,0,0.1721673926125884
785ac34db90146be9795258f0f6037a1,734,0,0.06079541202278205
a0cc9df75aca419e8e4cebb917527949,365,0,0.16846665708905373
94879b85547a434ba7afa907924ed76a,269,0,0.1880538205880452
4e8db8a65c354a2fb40156657fd39737,374,0,0.04574239573812444
93bd4f23eff7449aa79829e76086d99b,421,0,0.058069053766387824
3a4bb08d71d64a078e78361a7af21a78,37,0,0.12976223669916526
b5d5404b0b814f5496cf5fb1cd8f3507,80,0,0.18134153714853368
e246e3ff04ab44c8849766278e60a4d8,88,0,0.17271584500461712
73a62d06a9034128adc21969f8bd5706,319,0,0.1777585965479931
64d6e3027ccd492688eeee280fa86d0f,658,0,0.05082851674865202
99690784187a4b9694bde5345032a123,737,0,0.18291069698482343
51b9592a1c0a4e00ae654b104d649bca,392,0,0.16878459062827905
e37edabf76974945b2c55d77030b23f2,381,0,0.1705959983756018
c253a8ec71744672871d58d59b1ba263,614,0,0.0710147508935467
9ba037600563400eb7c8039375d4b90f,69,0,0.1834464073597467
d812c3ad4b954d1b993f30ffb421274c,237,0,0.17645635855243086
f2682d94f3ee4807946606a3e2d3735c,508,0,0.16688261128486337
2dc634ac5e5c42048ef21d2ecb03706a,492,0,0.1753614661806306
b2720252760545279331c7988710935c,68,0,0.160941300110492
a86ba62fb1e64d12b06b58e077815f09,90,0,0.1569847857952389
78bde096a85b4c939fd6d2a56357a349,464,0,0.18722042764581676
aa8c025fe8c443cbb7c038723c68444c,466,0,0.13104354976726423
956c8c04df6c4ad682f5884be854290b,192,0,0.1183499309920712
875fc47da24b4e349c1cd58c8202c79a,653,0,0.11812873989097716
4b5be59fcb994b049879b95838cd5601,764,0,0.16372718926788132
82a451f5b7c243af966d9548e4db8533,516,0,0.17641812734507173
43bea3cd72054d7c9aa3131e3ee7d85f,550,0,0.14714884144992657
adcced093ade46f6a5d532c7f5888a94,208,0,0.17139311244834526
0396d1e8587e463c87e6e74692f5733f,517,0,0.10386497069544165
d12233908cd04ae3be38fee38bcca2ed,382,0,0.14205849808778925
965ad7f3dd2f4a23b7eead12e7e7a789,80,0,0.15827864974678157
463f5ead714946cdbecdd20d64391891,500,0,0.18581982774270722
f3889b3fc4164a4eb2b9cd5d2f0112bf,634,0,0.1840190960745896
d2a92e200cd64953ae19f3210752bc8a,77,0,0.12219791170108812
4402555671d24ef8b3482254e12d5887,635,1,-0.008471603809999229
6d48e4c7dca9440b9763c09138c989c6,545,0,0.12043418254089511
6fa20cadd5c540119184d4ca7c8c8cc0,394,0,0.1188564414013219
9003c465a4464c99a19cd4faac2026ab,160,0,0.1744896061409743
f6f7ffd4520a49beb962126df0cdd9d4,247,0,0.1372614082589072
9b57c3f1392c449ca54f833d1a590a1c,104,0,0.1874503780788932
acff100582b049d9a4818d431c9b54d9,197,0,0.18404470877092738
bb06b9e811ed463086de03da4987f477,90,0,0.16324651177319116
05c12664abf24145ab1606f5458a0736,364,0,0.16197456066595206
b30224c05f20413b83e546038532f6fb,228,0,0.17393375630912
a8df40dc494e4a62962a89aed794d17c,48,0,0.10806368992648291
b73268bd83e244df9851bca8f38df8bc,679,0,0.17134113895263015
7f03d61c4c8e468aa030723703d46cc3,611,0,0.08530610826551582
74ecc89342bb47e788ae23b5e8466c8e,349,0,0.18425641819111815
a494d2e30d9a40939d6d0e8f2362f3e1,632,1,-0.009332021000730495
3db8e7cb0772479fa9b0b079c1242140,656,0,0.16993466518266787
ffeb2c685178495e8e6cb12775ed94eb,135,0,0.056611006610766124
04fafcdaab324b84a413381b7da85100,548,0,0.1096316485808812
05921565d8554ca3bd184800819190f3,511,0,0.17407983273602712
466f47e5fb844602a21709c32a497fb9,390,0,0.021528905578028334
b875330331ab4208b9af572a63cb2be6,646,0,0.06466264941838495
0b84801a52984e5b89e2a3687a97e430,648,0,0.1816998870444435
dc0e818e890f471cae3464d2337ec0c2,642,0,0.17244929862321845
223eb81bf5f44201ad420edb656e2871,47,0,0.17660145746718858
8bc4deae9f2043e6a160eefdee3a6a83,195,0,0.13612450810204207
e63881868a8c4e05b45c6c6b4b86083a,302,0,0.18114715664045905
81d46ff7329e4551930c227fb4351727,657,0,0.02711579668754882
288419f5c71d49b69e7ef17cff000ecb,389,0,0.17858429970711714
f92596eb70124d858d5eb30d123d768e,186,0,0.1749494839910128
2c722e517a9648229735f319879a0607,735,0,0.142413773513894
707b99def6364363a038b2658f6357ac,746,0,0.1870729987844374
dd3463a4ac3a48c79de591ce2401800b,362,0,0.17876590316995844
aff59ac0aa044682a90b2298dee8a4ab,653,0,0.10082338906968863
319b0c32aa61419da9bf3ba58a28fde6,662,0,0.1678417544167634
682932723320410eb474e9ece2998ed7,90,0,0.037391175138702104
5517843e05bc4d219318450bda3a60cf,15,0,0.17454644539824532
90b451c1d7e7438a8028e30c7b1b29ab,738,0,0.15034441508803736
4f9e8d3a349444809552c16546d2136f,728,0,0.17329765756958115
f8706f3a410644a1bf94d5a8013a7439,48,0,0.13575547940156413
de924c98dc4e40869ccd5461eea90fc8,245,0,0.1633026321912025
ef33f02dbab1449f83283a91cb813d32,485,0,0.07705096487215218
70f7da62b9064e51b7c585c66615d7ea,129,0,0.18237864596500192
7a6c615bb215449abf05ca0009b92717,569,0,0.15735542132903485
666457528bc04b7db82c16ecb0ae5847,641,0,0.06682917738895777
2549d5afd95840be81ddc044b55a9517,705,0,0.18619861418302497
2a73a9b85fca4e709e1bb30713f090ff,168,0,0.18176677975822486
500cb9d906a943feb804158e0872778e,539,0,0.18377843087166612
ea5a6e3ad2374a528289d04e651c9c9a,522,0,0.18066438199223567
767bc9df6aa04f6aa61194801ca6e85f,491,0,0.08423121365719344
bb5bcae1506546708f950ff314b33dbc,588,0,0.16162528209273685
a5174f9f31de46b0829c8a45088addb5,651,0,0.03097005140930348
19e88d0c3e654a399a8d3b86e9bd5801,726,0,0.1722974283715551
e39e880fe9d94d93b6a2e2e85adb64f7,702,0,0.0703985844258257
36ad185a6eda4ceeabd065561a982bb7,653,0,0.12092773921163447
7a65e6be57b74423b979daed11745773,160,0,0.04300374224883308
a0a8ab0f8a10499ba9ab01ff8211c663,627,0,0.16292894057681812
2d05b27939004250a240ab279df567db,656,0,0.13910594868864545
189f9fda7275436e91283c3a59d064f5,613,0,0.1604180280672302
6740973a8507417ca222d237f1091ff6,211,0,0.15015137976360188
9d6b5676436242ba85ae990bbb4d8508,405,0,0.16726550108418103
7631f78e09fa4a57b39f4350347de464,335,0,0.09188591697007648
9cd30481ea79497392098b7c3b23f232,536,0,0.09037281125411889
94e37c928ae547f291611faf22fb966e,710,0,0.07015268925514861
ad1cb895735c49b2a6b070695c304cd6,341,0,0.07693240252943684
90cddc6222ff49a6af1b15f112407b67,539,0,0.16749042547906284
461acb1452ff425fbc7a94f810dc3f34,354,0,0.04683876633326206
1ac740d95e9b4578bd828d67ea08f64e,157,0,0.18574935812061139
6b4693c028ec4eaa89e10334cbbc0e03,273,0,0.18274016984410618
f30a0f7bbe71448aa471ce7009f31c51,139,0,0.07241870697231734
4c0ee8498db5413f9665dea6280b633d,713,0,0.18684868943791305
6638986111624635b62da5e638d62959,109,0,0.160045575529498
10cd893315404e92a07b68a6fe8d0fb0,755,0,0.019352171781385263
4f20926da7ae4e229067cd526fc7515b,365,0,0.09102414830467748
b077991478ad406d8f978475ff4be228,672,0,0.1769663491139929
ec3782f8de4740b991c8c7a687a717df,464,0,0.11658063756226916
a463779927ef43808023745ebea3be6b,162,0,0.16384554534519408
b790db0d696740a79e220d0c9aa83ead,407,0,0.183043242652845
b0633e750f1744a58d3f6ae95efd7999,404,0,0.17905226669403268
4b650e4f49354f718cb6a9831880ad8a,351,0,0.10313550275366606
6d360b27f2af4897afa4f973c6dc7dc6,467,0,0.1284556420141606
f48777d5eef8464b979f8723b138fa14,282,0,0.1287639264377513
86e76fa650bf4a28930471f9b110d5dc,250,0,0.12558544681598932
65c5e629e20b4751a0aa79cf125c34e2,278,0,0.11713449566318268
d13a0264a7e2491e973c2f824240e8f4,37,0,0.1771069023592028
7d7caf4e87c94c9eba527d937f457fd8,627,0,0.16035991806070599
059c384c2d5c408dbdfe0af5a98b18d1,227,0,0.17547808140752613
8489c995683d4e4590e7260768d6832d,104,0,0.11601667952469769
d2d5dc3b8b2b4443b5d12057a9d073fe,144,0,0.1321801621144278
2b34c98d8ba74ae79f386987a1edafde,55,0,0.17297703544900433
e3a1f3c505424178bf489d747153430d,215,0,0.18289020817723528
a78d13b9ff0944c8bb5475bfe7fa8206,48,0,0.1272009478139708
c4d4543ecf78415ab2fc12a458fa23ed,73,0,0.07049133889485293
3610e60153d547d9af5536a581236bcc,495,0,0.16984584692027632
410924c2630348ff95d69564cd3128d1,512,0,0.16911493779865844
eb3f52c6c7b940db94a3350cda94775b,653,0,0.06166295499439217
471c5c6e2f4d483f96216e433707d8fd,663,0,0.050002864927414126
e15ac7114f354eddbbb8c79542d4c1d7,336,0,0.17784471309708905
29ad3a72450f4901bd44901b23c4a9db,321,0,0.1783931190145941
c18215a6519c4b0a842d52ce00234d6f,565,0,0.1055468528892411
7273786ef1654fd4aa3512c624852857,499,0,0.1655179947446505
bd37b35d1c3e4e94aa82b322803f82cc,159,0,0.17091774177210706
008bb501e71646b0b7784223c7e50c13,643,0,0.1744828475907204
c2dcffefe0064358af4d74e9d8bd9956,218,0,0.17556923978955685
350abf10173344f0aa7b22da1c2b93fb,454,0,0.18625138163214933
78d2343215fa471aa19e83aa621cfefd,410,0,0.18667828609091952
f37ab700070e42d1abd02a650d989e89,260,0,0.1722041059376127
fca9256a41814d1da4dce665f31b1b06,710,0,0.13589863000261182
4a3b0584153c454c9444c099b5f38bfc,730,0,0.16183564179053622
5960bb5cf203476cabeb8e6b19034c21,729,0,0.1599015656323569
912fa6e4987f4fa1acbbedad10a96b62,125,0,0.08385358875770954
7480180593944438812df145da05bd06,19,0,0.16659435667560124
9e1b4aaf8f2542a9bda43466b986eb45,40,0,0.16482775626664492
c9e8000cd1b94ae398e7d0b8b0a6930d,586,0,0.18681456085871406
baae9f48e3ae42f092b318568bee30b3,556,0,0.17881753143316426
0c1ed314b7f743369632f6cbc12fba27,320,0,0.1759103814647856
d4ef92e395214bf2881a193644c3b152,112,0,0.05083331255861784
7a064a3e1ca04cd8a32092ce58385ddb,438,0,0.18392827738571754
a8b699f458434a4da6bce1ad7486ad66,364,0,0.10149574353996454
54d6284854504644af150a255a5134cc,465,0,0.16604275227679366
59d5671ee2074655992505916de59ee7,218,0,0.1543282188422786
e099c1e40f0c4f9186a5d31df336f763,198,0,0.13289859178128166
2db43c78e447402f86f8932c1b12448b,618,0,0.08049028911078593
bc7f657d66d646c28448ca53c5941342,230,0,0.17618555887635945
2209062d6207462e95c5db4ee2f0416b,532,0,0.18177024767925132
afcd6c29816e479bb2a25df5b2fa28db,680,0,0.1716981986368022
67b9f006a5994c3f9b926118e875e106,157,0,0.13564968984585662
9c596985e5a84d848617e903b167325a,685,0,0.17620959226611144
eead20a7bc5b479d8ab3f28c6e8829fc,781,0,0.14241440963487761
a11482156c4747d481b9e0e116cef8be,90,1,-0.09716271725454184
be229cec50fb4e1bacd9b71ee7e18292,673,0,0.1513242502829083
2b835dc3919245e4b80b15438a018b16,110,0,0.09612439836798786
cfcdf805b1df459e984730a7da25354c,633,0,0.1589562604459821
df16f09d117048dfbe3740071b68f2cd,293,0,0.18488810851072845
a2fc69d05e144036ad91a6fea630edd9,791,0,0.16881267572004882
c072094ee036471e8e06daf8f145ad85,712,0,0.17947863301334777
66f6358491014c7ba3510f999cac3d0b,523,0,0.08443115244460425
72b0ca2612314c42b18abcbbcd3e3dfa,663,0,0.14035631492644812
0a980386c2a744cf9da56441b92c2635,739,0,0.15517467523066297
5ca6b24cb06a4031a0e3b9878a100719,797,0,0.15666806152959406
e52133dc21ff4c2aa23865bfaf884724,391,0,0.15161453133007263
23948bc2b0794d6eac63df4f3b869710,267,0,0.17570610902902617
33a027405b7f41e49d60a4b78eb42cb1,61,0,0.18222956037387594
03cdfe69aa4145b68363a250c6fda6ea,554,0,0.14637343159543137
6931cbfcf11049c1888745d64d45b408,520,0,0.13327433502186176
a69736525fab4174afd374eccfa3094e,680,0,0.11806495033573933
d7502b51c71e4112a28429a8f0fd442a,794,0,0.18106917328683492
28b18ca4ac5f41a88081a60d6371ab63,2,1,-0.00244779207417678
093dca6d8f944d7087bc6eba436d637c,189,0,0.17519598979169104
362aeda060f5458c883c5c148e17cfcd,536,0,0.11522033909914509
31ff355bc197454e86df3b325b541ceb,306,0,0.15276988083181275
93e5846c55f147fe801bbc6217cf8604,670,0,0.17358095641286647
228bf9554b0c488db5998d1b694b1233,698,0,0.16630285229671005
44e45b7d1d874733bacf48f4d7ba399c,578,0,0.1769861197511841
b899e7d2266d43dfb1121b20145dfd2e,610,0,0.026627274330860262
035ab57610464d57901a78df4ec949c2,120,0,0.1542566365572432
4e9ca0d98df64f73951f1ff23db717d1,652,0,0.1659802551967528
fe0853866d6b413e95027108481589df,433,0,0.17533136705483143
f954adea24864d1489c5a687e5053d79,375,0,0.12422289870545128
e1304ecbd4d0448aad44daf80d9cde95,617,0,0.17129046672336146
c792367fb9b2409f810cdca95a60971d,418,0,0.1607260991866154
38f5ddbd64344194bd9d5d821bcbea17,86,0,0.06656002367953451
eb4a550727a441d092796a176180699e,790,0,0.1712290285808017
a305d87b0c034870bd11d704b7e78de9,166,0,0.15566481244244168
4020a14551c34ec986141fded4638cc9,783,0,0.10622485887495886
c16652f7cfa14a6882f71bc2f689e9d0,617,0,0.14619309741665898
212a8633ea89496a9f589ee5ec8a5dea,497,0,0.14130730424247434
cf8bacb13bfb4a46936a5c3dc398e686,462,0,0.1866636988125327
e043512439ea4445b4744064cd1c4cb7,259,0,0.1833791719947091
a61aff1c3a4a40b8b3d4fbf683e2541d,95,0,0.08186725744592022
1b78cc44c9384a47a05017748a3857b2,779,0,0.16799864142208737
7a000d218c2f4831ab790b2a3499480e,458,0,0.1475960688113815
164379b051bd49cda713f2d352ba328d,62,0,0.17645279625712385
fa91a38fbf2e4c07996101d3d34b0d9b,671,0,0.14310954125291986
6dd8b32620554f69bacb300d7d294772,692,0,0.17283851998665745
43ea588ebd3b4caaa3700a6603166dd2,780,0,0.1551623860782143
e3e837a06f9745b98443c35e0af6d677,181,0,0.17747874705140554
6b38355c3fe74ca489bd1db462b03798,798,0,0.1398810724657455
c549c231dc6544d49cc9072c1419be8c,119,0,0.16542987368697237
cf565fa252aa4c8889a335ac42575dff,349,0,0.1883405778770056
0a05a7e0d69946e08cbf9ed32f35fa03,608,0,0.13123777112849888
4be2239d7fae41409a0d1d7df782b846,593,0,0.0875588195199381
66be0783810f4b78879b52471f40a7db,110,0,0.09738842516725127
88306aee37874cec9d552fc8cc654404,153,0,0.17532279302775622
4f25d565cba148ef977d2bd3d4198fe9,699,0,0.051281143018691466
26927490faf84736bcbaf14616f5f740,541,0,0.18087277469271335
60c11b032545472798c649e7c3466b23,740,0,0.12423914697106686
b20cff0480d24d46ab8a954fb2b0f6e0,665,0,0.06232147390428128
d834101a32d8495386b731ffff3e8ff9,451,0,0.17932370380208634
9665720812c84c41b20b4edb76a51698,385,0,0.18340751620805457
fc4d46c358174d4fbe3122717336382a,133,0,0.1772108235999188
c635dc47efc94c87a1bc97baa0bc7c64,653,0,0.1561159857303946
36ca303bf6d540c89af6bfcfc4f4bca7,206,0,0.1819538273973772
18df8a2e08c546a6b18ba52cd9f3b33b,247,0,0.13811676354233404
d6c1322f5dff4e93a8adcdb3c7d5cfb7,235,0,0.1360365024307878
3b8cc3dd55fd4912abf233c38dd4c7ce,725,0,0.18972447877447524
f3dbf754da844fe489c218b2bacf3868,670,0,0.0519524067887947
31484f4145c3462b8c918fc326bdd44b,797,0,0.01688076477135203
2945de09a25c44ce9e22030c3bd6ade6,493,0,0.174891831086244
5af0f2b946aa49e9942ce620145db6a0,271,0,0.18057122212343185
a63469dd7c6747f885b8d3044ed54426,348,0,0.1568506454606624
fda0fab4709746ae8f2d2c002097aac7,170,0,0.1721058228980254
5e387f260537429aa0710c330afe14f4,135,0,0.12216795947747228
a94a4977dde84f7e993f0801eb700e99,434,0,0.11851727909381365
0da5ddd997f54a05abb3d6b4f920f39e,133,0,0.057557527491092664
5c938ef0b7134ebfa0057cced3ec86d3,95,0,0.11039475956375389
997868451c3e4a3ba25003332021d768,134,0,0.17031068661054388
3da581aa4a6047e7a46ed4621e8435e5,317,0,0.17497551647725296
238a944a316044b1bda159a0fcbe4475,682,0,0.1860281528555094
8c36ae8491bb4de699d1af3de6e0c125,482,0,0.15930716644422027
e59df9a89af5442db67acd6fe1cd547f,539,0,0.18111118732519982
003c2830600f476ba3bd69eac8aec309,21,0,0.10259359975822502
327d58d935fd4b3d90da6c172211999d,740,0,0.14312785369999925
4a6c0a4e15114f26b5db85dd1edc333c,278,0,0.18069020701758887
8ebf41a2823b4c959653bf4dfd4b732e,674,0,0.08129173152881386
02efafe8b8e24f428f4449d181db1ca0,134,0,0.15501265574567785
e6dfab1ac6a54e7cb8db2267253c4a92,798,0,0.11004543896000768
4e0feb8e509c4186b2100dc9771240b9,458,0,0.11886196206777006
ffb3ff2fee3045bf8263941b2e2d0cc8,738,0,0.03694328603344066
85e7cbb6289f4752a54c49b344e6ba18,555,0,0.05123772961874007
33189a44825e469ea18dba760bb43ffe,505,0,0.09411390653647317
2a2a862c2698472fa0a8ac96ebf3339f,265,0,0.18105250275505336
7d24804547244881afbbc9b658fa2125,77,0,0.14948729090985452
b72e3785c01d4d5ca5847b892d854b94,720,0,0.11511944994608925
55bb76dae40745f7971fd7ac022e5a0d,739,0,0.09705101193678145
b24a3ca38d2143afbe6f3e058b0396a3,585,0,0.17984296864486315
7e8cfa2f8ba64e288999c18ba04127d0,275,0,0.17884914781364375
e3c1966ccc464f39896129e347650516,517,0,0.10203342601104542
2885d5c268594b33a6744a660ec50520,216,0,0.16761614864816587
e0658c91ddbe433eb5e4f570ed25dcdf,168,0,0.1782174327389825
1bd74437400e43bd927547dee88f9a46,712,0,0.1700310387356347
82c4e9ce3d7d4cec991d566b497d6660,574,0,0.11727884814850292
0245defb21a948f188658c58e20f8465,133,0,0.15492616228663236
ac9baa2973054e61ba2636aa69202f2f,481,0,0.16813166631028098
a1ea36cc34eb4fe9b860f4072277e95a,725,0,0.042103018635211376
05a4dbe5dc024ec8ab2aaea66095a24b,507,0,0.1793694276143068
3ea3bf59e97a4c978de89a60a5ca7e19,415,0,0.1725832301120177
dfd34ce40f724cd3aa0f51bd423c37af,692,0,0.12104633228455608
510620cb20244392938c6c066d90ffc2,48,0,0.18034527786089638
a5086c93a4d04cce9aab52130136416c,662,0,0.16653945180219776
6bcdb42d54ff4900b84a5e66524305d0,595,0,0.17816875774551394
cf458f4707f3426a979dbef15a4faaa2,51,0,0.08536331414628812
5f07aa41c954498592d9ce9befe7b82d,362,0,0.1832813169901626
9e8a873bfb3c473da6fa68aad3a6c993,171,0,0.1659147165689437
1f23eaf82afa4ddc976f55bd77426677,608,0,0.12098448754577729
2e5743975f8a4f9c82b2547e673d074c,54,0,0.1551453288700525
292732a90e1d4757afbcbb997153e15d,644,0,0.09623430059814586
f76f4501da74421997038b949044c6d7,186,0,0.17813144339672737
82126bca9e6a470687a3d77516755302,336,0,0.16018287270155945
13d00b42941c412c80f3ba5b56db8a24,534,0,0.0949700831223933
1a770cb7e4af45bfa222d2c498d6382e,551,0,0.18745623682485452
e7b7164e88f7493da64da80646a2b96d,425,0,0.014515695149783348
db40ea6845fe4f1484aa99c9ce1150d1,308,0,0.17603198288051974
35c3eac6d23740789ad531ea2570ac22,736,0,0.1137467032010605
655af016b7e34b31a638b9f301e9ab89,38,0,0.18039467986858987
d437aac0721542acaa4ef5a49222beb4,464,0,0.17604477149396341
1580cfdb365a44d48ba302366e1d1799,500,0,0.037466247608231695
936dd69218334f589988a98bfe6a8fa4,53,0,0.16011656179681305
9c3324a66920434494326c499f67b4f8,722,0,0.17613870647772972
fd05685b3fad424689cb6a08cfe67c3f,201,0,0.18078574737401837
89496947bd8d4697ac38c47997e9dd35,601,0,0.1679526368355585
b9dade4b7268445897717e064e724dc5,355,0,0.08747668931213459
8921a2c91c514201aa8492cf74349bc0,342,0,0.17468822800615758
ca72b4ff198642e2a3756a28309fd933,226,0,0.17957323385513402
390fe3f78c9b42f0b1ff44670dcb1352,254,0,0.18174360774382248
921e41ebefca4c3f91ebfb16f6498208,433,0,0.16111978260205778
e127c12725d64461b320a97956ad4a6e,259,0,0.18255184753435472
0f46bfa413264b1882b1e8385b3f2065,731,0,0.1736047841851306
f645ecf55d9540f885cbf89469942cf1,355,0,0.04396507882422551
70a62fc4c90949da87513bdf9a6e88f3,135,0,0.024317675161480257
37a1d0f30dfe4544900a5f91ed2009d9,365,0,0.16902605892284212
9d47c021a7ec435b85bb1114d6011e8f,273,0,0.15357447786078787
05d66bfcb8dc40f3afa09d3dd1714dc1,155,0,0.17028633233988205
fa20b7e9425e4775b75c8f8af5337903,312,0,0.18436975771729164
143a2f1f7c3140ce8b8a7ebe7ed82530,381,0,0.18219992622586534
33e6c5aed0054847be51709de3e8667c,255,0,0.15467235327515277
0a5cd6a98cbd49e2b4f1a3db52689c4f,21,0,0.13472779204927732
2b846dc01eb240cf866d59035693b4a0,481,0,0.14141245825481324
6b215cd05fae40a4895349bdeb978825,508,0,0.1839995189193636
a21bd8b0baa54d41941fc520e8bbe070,527,0,0.16828773625422694
656c4600de404f848bb3c24495c0b8df,137,0,0.17974450446734036
d290d53eb5974ed8ba8e7f3ed6d9a474,373,0,0.18016999919256615
7e21261702e94645846c2ff7953f0b37,134,1,-0.017593274666535708
8c0ca9a20b4d4e75b313cbbef736e45c,750,0,0.07628894161878735
7452b1975a2a431e82f5f5507706fb79,497,0,0.1839199881365503
68e025bad33c435f80af6856e0f8a8de,608,0,0.12523976646132778
aafc1e99befd44de8e2f950e9d9d6116,116,0,0.011016545146295798
9455c30966394e3387380826ae3969d6,701,0,0.1367382568700934
7f36857c756b4df299ce0a5324105c83,358,0,0.17501719334787402
25226fca94c44986b77ac047ff92895a,536,0,0.16453675193664652
d6a0c669307e419bb882e32767a102c7,499,0,0.17205422920252023
19d151eb16a84b02b9cb4e03b37eade5,689,0,0.1792530332805552
b3d793a7b30d43619b8212ae97af4747,197,0,0.1820769020205843
4c1cdeb6a002450aa2514d792a5812ab,477,0,0.18190516151120284
aefd2a33b8a4414c877008b79acf09ae,454,0,0.17064035212954864
3f843a5606654540a050685e92f51423,583,0,0.10789115429132601
cf8a5d5a47d34a75993e584796260285,622,0,0.10944796566526022
e53ea77a91034fac8b80c722bf87b8ea,388,0,0.14779270005305023
597a76659007448082243499a015fcdc,574,0,0.03324621376262055
6af4800992874a90a89affd74f7b1d49,91,0,0.1641908384470545
bf572df39cae4575a48efbfc55e7a297,737,0,0.17616383062497704
dedf18d56ff3410d8990e749a504fd3c,354,0,0.1717916089837327
d0746f1de6c540d58c153fabdee9accb,387,0,0.14976455864227772
b8e4112377a74d6d9db0eb288dc9fb87,164,0,0.1716397012548051
9372db1888b14c77895133a1f2fd54fd,689,0,0.14295841254738784
5ef4a206c5a74fc080a2b9e5f21212a7,141,0,0.14502593454047485
4d9953dd9bf94a7da44d9b7752b04fea,59,0,0.18521307099993334
728f2e303fc1408a987da653d5338376,519,0,0.1587485254252286
19c349afd96c413997e971fd32bbf493,600,0,0.18400076483984618
e468c95b6a0e499ab3528203841da6ae,646,0,0.1676202094620411
150307b194344e3493be8a660ce72b59,99,0,0.17700619058838607
3921994172ac412b98410378f39cff61,298,0,0.1794662314749471
a36d3af157e0461d92e653a160c0f986,653,0,0.14496749420139066
1e0d7d1a8afa4844aaa80d5e233191dd,108,0,0.1750998736836608
2d17b1d145c74facb173cd7e5ae57e1e,422,0,0.18440810645197153
21949d90b65f45a788bdfe896a670c37,524,0,0.1285952254145642
000ee12340c34401bdb5f25be31e4092,386,0,0.1761235138147932
4dfb9114db904af99d24947229c5f714,335,0,0.15770705208389912
fe83b16d5209426db6aeb73fbcc8754b,255,0,0.0389452395818673
81dd8b99f56145e795a353d56ebe67a4,381,0,0.14876868532793092
92e78ee91a5a4ef385bdb4c69bb65921,104,0,0.18728361099902147
eef6d264450149cfaa11719cf4431096,577,0,0.17130844787485067
9e7040c1407f409a825ba698318bce76,644,1,-0.04524817237761536
5d9783e6bbfd4e87912fc373fdef17de,44,0,0.07995522425736334
868dec7c99c5479f9e73275574fd470c,130,0,0.16610616430037273
1658d47a0f964852b7bfc47871df741a,84,0,0.18142035115844463
a429adffcbed455684c9b13c6d49c5a0,564,0,0.08701672142190564
2a3cd5456ff6427c9eb51bc4a370a863,163,0,0.17934901540204196
a3ed72161fd042c29639580078427d99,257,0,0.0824334648020742
2a97b140859645f7bd5bc1a129823ff5,472,0,0.17709956483994604
3be2a96c00244cba8112dff0be042899,156,0,0.1279551167553465
d812ea2e32814954a79731a3bcd18971,124,0,0.0270817134732268
21e7cdb037ac4742b08b47c31a7ffa05,94,0,0.17772012212524047
63ff81aaf98943b996d8a7b8fdfb65ff,104,0,0.005910746247158816
054492497e324524ba6be3752e1d8d18,613,0,0.17040280169469496
0d897a4a4f6d4442b365547acbe9e51a,565,0,0.17309274191069118
490daf0335d642ffabcf2221b46dd731,46,0,0.16120497787627552
901e066159b647f983803fe55b2ba077,575,0,0.18222281554692576
6bae382797164fb394c99cb9b2211f4c,350,0,0.18055616899418714
6f8afc344a2047cca9c3f7424d3d347a,322,0,0.17365279142282747
081fa98993d94c4caa32ab7cf470aeff,2,0,0.12623852165830574
9c16488fb15f49e3a5764ecc73b88111,395,0,0.135484163364125
616138c0c1c340d6834a0ebc63b0db2f,539,0,0.17918896296867615
55a5f92022604f0aa3bdcada2da5c2f5,362,0,0.08799736245684492
525c36c938d04c3a93a72b1d54dd61d6,275,0,0.03907005964998406
4d4d098646454dec9a1518c4151616a6,91,0,0.10226851508836021
f2ce78dc4c254dd89fb78e5a567ee6c1,394,0,0.16011792155043802
3e22512cc6a848b894fcf8524ed1e7da,356,0,0.1784837618609456
9372800b226d43acae99eb921dda491c,37,0,0.16266091686270173
27f954b57bca40e4ae232255b820735b,96,0,0.18366786459841283
0a7ca827b4534df196be64a95517cfb3,475,0,0.18882287574589746
2484219b8ef145beaad24e65a54923fd,651,0,0.18339293245351357
02c3adef4b38432db5014067b3120ba7,71,0,0.1435257583969109
e2766508602f4ef0bdc077b08a3cfafa,73,0,0.08073150272136503
789d42bec76f43ceb3573afb554074d1,37,0,0.16166783256910094
e7b465f358f6429f9267b414eeaa0ea4,53,0,0.18845825268411182
72081dca8c0a45dab370a50cc08ce39e,95,0,0.1768774982768183
81f52634aafe48a78d12741893873b7e,606,0,0.18504147851068214
42a196ddf584438cb5accb45a2047d8b,718,0,0.16130675878682837
4b0036d9fb60464898011fdbc0079e9e,581,0,0.1757009361353723
f6d47900f0454fab8e557cb4c8c7ecaa,216,0,0.1825437413645808
4486f2b4deff4e7299f3624f8022ceb3,393,0,0.14401274607544146
001516c9044f425a97dc6c828d359540,114,0,0.17289735959932
bd38c1d6568d48dfa0163d670c8e547c,518,0,0.08300064038692895
31a5dbf93ece4a61b9ae22972dc95c0e,573,0,0.05366911090591181
90f5a47a590842d0a6608f9c1c3a0a61,636,0,0.16249125602826953
182e21ce368a48c6ab7a9939b486ae6c,566,0,0.1767808799280915
a1753735b5a44fd0b80963c120d72ba7,247,0,0.11829467585976183
96252d1435964d7886c4953340abce17,327,0,0.10519019539899077
18350dbdf8d74f8991061fb709f84aef,397,0,0.17718478189510045
53846854199e40ac97bb676259566123,601,0,0.16161706975296247
39b48b19c1e84043ad97e9bfedfa8365,269,0,0.15609363383898361
d0b74f687a4d4314a328adc73a039de2,547,0,0.06763534411252003
6132315d273e4fee91c0cc81403dad36,643,0,0.029734885841793623
bf545f0c05874a12a11ff2152e903290,256,0,0.08692000805004224
8d62239be7a841978825e1da9d81dc30,553,0,0.1694677947281612
1ebea66539e24755a6ce5d349891d42b,154,0,0.03167069502455844
7061665476c14db7a676653e993b3792,7,0,0.1718556270475981
41f1e2754b1546eebfbb014510f3226f,789,1,-0.011611370722696801
679c946b04124212b7e8111a2a1616a0,641,0,0.127140388476695
e4ef65c3c46d48b6ba06ab3a574c0cdf,236,0,0.1480586161047942
96197c0588d14169a7f0f85dcd5cd0de,543,0,0.13303769232752394
2ba4864f22324e2ca601a0623d04cbfb,52,0,0.16438793990990497
90ca252d5b184ec09703122e01a30fee,725,0,0.1846397512976075
1412b5c2b3e94677b5087bc04f2200f3,505,0,0.16678436002706615
ddb69458b5324227a6f9bf3529120a44,422,0,0.10244243507293144
934cda82468940aa909eada72241c36a,429,0,0.04347516538852392
d0563dbce4ea47ac94be90c8712ae518,139,0,0.18823734799088332
c5ecb2e748484b1ebc473e93d358f0ec,83,0,0.12934318866113487
e3c353e349444648ad61a95ad4ffb674,393,0,0.1109038245802908
0664a0f71fc84b0b8bd1e8ee9902d1b1,194,0,0.17773985171254625
6408667538294ab4917f1b145e46ad9e,244,0,0.17636885924017354
0b68d52a20884f0a8410d2768b0181d6,624,0,0.1357444834777235
e68bd49b1c1943deb150d144da99eae0,280,0,0.10109903300220552
78ec4136866f439b9abaf6d2c276de4d,730,0,0.1757744681076464
ebb7860bd68e429a9130fd95649709e6,351,0,0.06515944851743277
76af4c36409345808807b125dd5a0b85,472,0,0.07679104617317795
5fc241d2ee504f87a3bde6729a1555f7,308,0,0.17527273640310437
7c53ae241766477c97389fe09f01ad24,764,0,0.16283789089230966
f2f027471fff4f40a8289950bdca1aad,316,0,0.16457353412693643
ffa1a8bb10c84b0bab4e98d7856bead9,263,0,0.16186931685103434
cb0a09f1a7a840be81c7bbc8424e8ef2,490,0,0.07142924494091168
7affedbf0e93472fb0fed3b726ffd397,170,0,0.009434405308695326
4736dbafd64049d6a1f571cd490c15d6,364,0,0.07472214449083359
a4800399def44236a500c04e7964d70e,399,0,0.055371962943822906
5be6d708027049db804517b1b0b4252b,194,0,0.1455999011312566
a8597a32bca24363ac9ddac2625f6df5,581,0,0.15314729513248032
afbe362985ff4fbda56ff52e6f23e22f,466,0,0.16336655874882466
45b9982988024e439c00d22a6cb79d3f,500,0,0.09882596399658622
279ff1c9f9414236965092f980fc7301,658,0,0.1375158019855902
4030dc560678455790e455d36f6b25af,698,0,0.17943065911598038
75c46b6626b14e408724e211ac1d3e4d,474,0,0.1557100215566533
5feca1a8a3684ea2a700583dbdb0dbc3,14,0,0.1613759200234724
2dbbf464840c4f32a96342c34e6b0a2c,32,0,0.1774201252087696
05f741783edf456f94a9fbd585416104,170,0,0.16483526963711576
a2eea10a7e37478cba426c1f9bbe7ae6,477,0,0.17738318393137553
5e3e81a61efb44d2bd8b1e88c4eab42d,451,0,0.06861163797223863
d46788b585994af88c5bd547d9433eab,259,0,0.17616650805066236
92675de412004d86a258ccc9ad175008,164,0,0.1673186964831785
a6adb36ec8f84f279a21392802c5d377,405,0,0.18367924510246797
0efc634882c741d78963fb58c39cc271,335,0,0.08502646811971809
e49e52c1b6524ae696640bd7270bc99c,18,0,0.16124610658016297
8c3d856fb7c64402b955bf1531637aa4,653,0,0.05666774231628452
ed1ce2c35769425a99cba9b6ebe61855,177,0,0.13854629718918948
e566d3a2453b43cebd4b0b862e046511,157,0,0.1742326972413249
d1bc4ff89c0540a692e40c9081d81a59,194,0,0.13884194866724298
c806854dcb4f442d945ea831a104322f,202,0,0.12541837013852314
2c48332982cc4f8b9b8ef5deba2bc262,117,0,0.17846261217301795
a63941d93f144948926bbd07830e0844,620,0,0.1766251720203617
1b8e535a83db482289cb4daa604e97f7,126,0,0.11500915242626147
c241e0551d4e42988a66039ff1a4d1d1,382,0,0.1736392910607436
eb56b121412a4c67a0a58d6ae055c24f,101,0,0.17841322284837718
fd4a97b7538b41a996855e36096d8a1f,702,0,0.17244746859211268
36ed490ac749448e83f2e7af84cd3aee,422,0,0.15255351434820408
ce591e4eddb040888cccc6a7b017d338,132,0,0.18415042530975206
9991e5b9513d4a1baa308e91d0e4c70f,18,0,0.15771816038217168
04b7371f98214e6abff6ea2763d6d945,101,0,0.019867862016531013
4d0b03b9b06845dc81e616a43da1d01e,381,0,0.09648633492163144
c863ea1ed18645ab8b9823c839d4d51c,565,0,0.164322550910263
d3c0d2191a8f452ab4b58748eba83e70,466,0,0.1530405058764493
f5c995d1f5934004bcc24539c6fb966a,277,0,0.15559844711346077
dbb573fc82524a36bcf18ae958d50041,414,0,0.18006847498182021
293303760990409dbc42260c5114e9ed,337,0,0.17346218951456427
b7da46f67407441c83389f89f9578048,185,0,0.17446562677117589
60190562af3f4d709b3b7d7fb75716df,455,0,0.17092429611016596
c410b9157de04319b94bd47a61897aa0,20,0,0.14129791747355053
6bb62c147a7d41d991cfe9d1db46703b,519,0,0.17947212463478318
9f75bc224a2b42a3a8e2cf3ff6f1d91f,69,0,0.17194383545089337
bf99e0fdec6840d093e9a9ea77a9f98b,336,0,0.042949161432729144
8f1aec8d695749328f790e8643fddeac,185,0,0.016624041537936396
39d639f712ad48b2b273a38740cc895b,613,0,0.17805343887136393
30275e32e9ec4e1a9f944af76527ed89,459,0,0.13724716866742093
3950e0c86bc44f7a9d0df2f3ada82470,256,0,0.08932285008679103
72341a1a21f647a7be34519310243166,0,0,0.16316504898118583
ef6881b5aa2a4632be9593c3160ed685,475,0,0.09047558831078123
215eab26e599485cb68301ad5296d24a,356,0,0.17398709593829598
3748678b0a734a00a8fd80b705841ac1,388,0,0.12506696918238147
d1ab8e89040949f3850e33678545c638,526,0,0.1131417832211708
9f4d69c8dd2c41dea514f93b86e4e5cf,133,0,0.17686101588184766
3418ca6dbc364f138082adfc54866bef,632,0,0.1349350722568513
c38e32685e7d4cebae270acce68988df,507,0,0.17247750142294577
d25ce25f546c4dfe861b057903f1ce0a,748,0,0.11940601803421447
54465047c4eb499793ef3486cd5eb331,591,0,0.17047498946409623
6b909d7dfaa94c7faed0907ec5f7ebad,648,0,0.04736714626283872
3a52ff7ed1554cdfb7ef8db70b3fa802,533,0,0.14268862178796005
9f6a9977e53d49a6b5bfb3433f4526fd,374,0,0.0911842772961336
a981781e289644dbadfeef82e1f01fc3,406,0,0.09396846579777607
e89347a8822c4a9c9fece92017ece008,589,0,0.16821916253392388
219596df87154ff0a93e1ee2865a3a81,582,0,0.18258668421676094
4ac51d6b8d4446718872a18104105dcb,745,0,0.1772633931477718
745251d88a554656a42c46af94ff446f,700,0,0.17660276196220864
da8ffc04708544a994068ad5f64a831d,317,0,0.18956511511305912
4e225cb84b004f44a815057206d0ea58,351,0,0.1052852352176053
82fb8a6ec3a14242b043977a2e6bf237,363,0,0.18449001093447465
d8c30297ae6d4c2fa75e7eaab2841750,751,0,0.18454306895182648
6e79717a9dfc431582702435b9cf4477,527,0,0.16311512100948078
227ff46ee6964b75b6b2f5e06e4d9b88,581,0,0.12356385626271421
734e03b45e7b441e9850ae07d43348e9,586,0,0.18898041948636174
cf4ff9dd5a5f4892adfa4d109f2cf5bf,426,0,0.17496190229681824
43ba489810e641b1997cb6dfe1be0828,453,0,0.0014983201486370445
8b149769d4ce4a6fbcd7a69638f96549,397,0,0.17613170993871546
06b977ae1cc24adc9b74de5988789995,641,0,0.029172955457547667
d3c17ac1b59e4518b140fcee30da02cf,329,0,0.17033703778710219
02184792e4714b00be9340d47ba198c6,595,0,0.16450901579958066
e78dd98775c64ec2a66873f8016106f5,341,0,0.13707275349863124
e466c141ba9d43f28035c0c095f66106,783,0,0.16560970794597502
1434035439eb4229a8f30284dd6ce9bc,402,0,0.18559352659448625
a09884b3d3cf4b8d8dbf7185055b05ab,268,0,0.17837254214665121
87695349d07a4822b5b89d63cd2aaba3,274,0,0.17774355789122098
77876848365043b1b8a76d5be48e1ad1,627,0,0.09770083681195496
5fac4840bb294834be3507ba88130ef8,199,0,0.0941841654513455
b537390d28164824b64e7059b9170cc4,280,0,0.16415942225922597
61419bc7b4e245a791e7e33a842639db,564,0,0.1157082144096988
f1e3f49def244b339dd04b67e3d591ab,489,0,0.0929841002481056
f33da77a4a3a47cda42c33f5fd425f54,153,0,0.18575087812176416
3a748b8b80bf43648f021816cccf0b68,727,0,0.1394332704049207
222db93c85d74dc7aa7bb7167252a830,570,0,0.1824093775247953
8b4563a99263441188b71fb0cad95cd7,378,0,0.08924890054369483
c9c609f17c6547aabea89f00f03f3a5d,417,0,0.18580426640983505
3cb6d52abc09405db71192714016be1a,510,0,0.18748414740919334
f621a3f88c22435a8d8a173937d05315,319,0,0.05305400994537268
29fc69364e884ee3936fa90fd57147a4,196,0,0.1449214824846191
6ade29b892084a2f8f04b64cf0430c79,420,0,0.11899064075142102
8f8be99e7559483e92b141ee9361ea1e,250,0,0.11382859159935682
b0b95966978943a78c9540aecd8fe7ef,434,0,0.13606878287220875
f48bcff0514a4e5cb7d1f0958346bbff,702,0,0.12483692738244878
7cba142e86c64e9a9e74ec44a40e655f,345,0,0.029842481254732822
3ac4be591d8e4166a7e143496f47c98e,473,0,0.14643386934090846
58a58b175b5a4facb7ae570ce0d425d3,110,0,0.1799030304621455
e4427c7c95cc48799dc2cfae115969fd,213,0,0.1732764770473884
4be3645ebf824cfab1f46ed83d95d450,487,0,0.1832741223515041
782d5a77b9674944917927e7cb4e0b41,564,0,0.14421439335215064
3dabe15eb29b4c868c0c271302f87f44,752,0,0.16958095505727594
feaedb5947b5437b8caa864c351d49c2,386,0,0.17928990028125164
2b3ece87dc0a47a8b680a419f4287403,345,1,-0.007943103314727251
20049c23e7e647e385e8455b4f5eb252,653,1,-0.02465392903778829
fb80769e4b9c45c08d6107af8db82a95,455,0,0.10787464011813341
db75df8168e84d818e1e8db38ee738b7,409,0,0.16556161985222523
f6e4099eefae4d7282865445d1f7cadf,710,0,0.1754388106954362
bbc661388cd04425b4b89658ba6a83eb,171,0,0.1344847920480915
a765e39fffa64796a46878c5a1cb7921,720,0,0.16991347088475428
a7867e6fe7db4fd492b348d2a4dddb31,277,0,0.1028438799289943
049f466e70cb41db9df621c42baa1827,709,0,0.15339026226188684
df057b1776b747e5845c93aedb2e33de,271,0,0.1604747100205713
670490a907ff47eb8973a72854c68050,181,0,0.040850283297600765
cedee7548e0b488c81e572f63bd32cae,480,0,0.14709133764593785
ff4ad0ce47694cc08ca821c9c2c7ccb8,713,0,0.17939441721348204
74bd6289026547e9a708c9415ad138be,145,0,0.16461920106053451
8024c344c9fe4ba291e840aa65e8341f,156,0,0.13911271976603012
4f67f73aca534e568ab614757e66801b,613,0,0.09650663859631764
25ef6ee71b3b465390822fa29cc36a6f,72,0,0.10569928169014914
bf9b0982a0904300b46d82c7df6c1fb4,528,0,0.030197460184855585
bb055d83af91402ca6b8ba138c28fb74,527,0,0.08975714589865164
1cfc6655795647df8e3140ed8f01e21f,387,0,0.07157302492277134
4845739810164a5ba2e08b08a874d33b,126,0,0.12401199419478826
f826de65b72e4ab786ad2d132c4385ca,136,0,0.1619096197948518
73ac0da9c59f456bb38589a529f5c928,590,0,0.1647714488212541
20fd89a5a03143ae97b403c17412a051,450,0,0.18737671174246884
51081baeeca54f5c9c7af1cf40306274,526,0,0.07832708830694363
8c77e3dd307448988295fba036e38788,230,0,0.17451367571509008
47380209a4794e38a729382eb957d75a,611,0,0.1835733600418663
1e550b70fd014ebfb72023467744878e,85,0,0.1596693866090198
52d38fb6e2604deeb528322c7a525239,584,0,0.18605106250059844
c8ad935dd447410c899acbfc4b3a80c1,108,0,0.08023330393653455
83f45b4c92f546178e09669f2931db1b,381,0,0.04493103343213478
e330fc6028fd4ee8ab4338c68c5b328b,702,0,0.07509547357711399
ed1df46907e2490ab92128a8f358bb3a,179,0,0.01133985181268582
c45e96546a894d6da25064c5dc513e78,634,0,0.18368294295983567
1106f9854790427d849944bccf6a3333,617,0,0.17030302641217043
a6ccb80d89c142f2b0f64b30c598ac92,341,0,0.08627988563832473
9d55a5e99e52420b90c6180c42dfb875,171,0,0.1343883137273048
ff11bf96215d4e22b47c3b9f56ca28f2,630,0,0.17736429270283444
dde38210d5b34ba58a511bb3b5b48aef,57,0,0.18727728562125368
c79483329bd24c3a98097610ba2a40bb,797,0,0.18087208200337052
93dfce8de9244ef1b8a228abb59bf67b,375,0,0.1635358425997937
ee1b5dcb4bf04f6e997cebc22a5120b8,433,0,0.15909525969558547
6aae2b142bb54f27ba26e88d3a424b2d,458,0,0.17935686481426266
78b5c322b878474a9205fa6df6b60a62,4,0,0.17826854544820486
8f6fa71da36a4ecc830e922df6c1bcaf,468,0,0.18360859328044904
853704bf2ec44337b14e4bf6f273028d,345,0,0.11946177326511853
6b6c04302e7d4ebbb00d2d68a34ff00e,364,0,0.16732301339680505
6bb66268c95249dc97cc4d83f87f397e,591,0,0.17674073628392972
1e19dd8db40a4261a8adffb1f8ada21c,249,0,0.16612050215099639
a23fcc47228d49ed91773cd8c1a3abda,119,0,0.15325095228927016
f4b1142e0d244ce6bf51706868e2c9e9,709,0,0.10362100832653737
8083fed5a7dd49509479aaed067e8372,434,0,0.12468000950032637
4812e2feacfa4e57bb610471b8b2b2ae,329,0,0.09004456097346114
13cb41220f62411bac109576038737d4,590,0,0.10630919594813848
8a3d2883db604fd19bc68fc16fdec1f1,464,0,0.17641120810752814
d284f2c7861b4a0a8a3eda4fe3f2b231,544,0,0.07941307091953337
c47d88acadff400f86f07add898a75dc,672,0,0.17262786626730875
19c5f11f4e5840128a248f428797096b,507,0,0.16979608429634102
379e23ccec274b3787eb60cd5beabc82,495,0,0.17394448693654752
3dbf3e0e3f1e4dd1842d565d3da0e69f,624,0,0.03777315188631547
0ba877d694a44e9dbfa457e7441fafd7,288,0,0.1809424940071912
fdcf0be72c1547228722ccc53f27f643,552,0,0.17576550659497953
458f714a6453499aa68c1caf327c7cc7,560,0,0.18443205898017334
b93b7196bef74560a9750823e4214616,184,0,0.1728710986781355
a35c4734f4794742a1a8d768ced3730a,511,0,0.16309216448842617
46cbe8f208724630a467d5fefb35452a,515,0,0.1694410908119322
5383738a0cff49858b57b9cf5778b527,472,0,0.1810508649931839
f6d8b3e800ed442f862ded91763eff3a,4,0,0.15801149028256362
6af934bc00b1404baac712a90e6a1123,708,1,-0.004325092125901042
a857a7448302401c8bbbef59b82eac27,336,0,0.049367953284385535
36834f6f6c2a454dacdbc45e820a4874,255,0,0.03601349863370129
96541b1f763147a0a0769ecbdcce02f0,301,0,0.18239179743405154
2a786494d795474f8472de7233ec8137,567,0,0.18137558754050703
c1ae7164082e45d996a8450691842caf,245,0,0.1409185338950978
4bc611828d2042b9b2de52afdbaf6f9c,673,0,0.14985985793559303
862ccab050f7460f8853df475f0e1946,323,0,0.1435904413138624
52982ae69896474bb65a7197998d68fe,133,0,0.17349380348402837
b9a1d3d2793e49c7babe3a9ddc7871f9,450,0,0.14203981156418433
2005812e756a4e1ca79dbb315bcd3525,664,0,0.13454055541956883
8666313cc66446e7a4ca4ff911edcff1,133,0,0.06613998956264616
965a32a4c46547f89bf1912f29fd0c9e,48,0,0.16900290221709152
f295ed4a6e09459fa1e05abf4b99f12b,237,0,0.18032699760196724
521c228d19904c519485e752c2ed8f4f,535,0,0.1849697743413264
0f31c6e30c2b49f9b76d13ac8f924ece,534,0,0.16371794423228675
691805eacc414b99afd08804d96dd0c3,399,0,0.16188978905291884
8c7380ca80c14cd2a4d6b993fbe1bcfe,225,0,0.15526898959830565
5eb07c78072448fd98a780244fcad092,471,0,0.12507236521635845
849bc1a30f6a4899a3e7d3381ef91545,390,0,0.1748754961066874
6adcee795fea431aaa21386587722002,554,0,0.09300410697694067
e294fc0890f44cdc98314634d4f9c595,473,0,0.07671422452302912
ce70957df2ec42449ffd572f1841ad42,275,0,0.0009343754237547408
4a32af2abfde4b1697a67f52c8484ba9,355,0,0.17382938905710127
90dc750e8475460387d421318dc33917,377,0,0.17065586619559492
beeab239f4e448d7983e30690956a86f,197,0,0.1735030570035897
f678e3fb2e374bf0ae7f43ea1cc80b9b,659,0,0.16149966159007995
1559be5f194b4de5a123bae73b884f66,218,0,0.17929149743195866
b163d8e5db1443f78825cd8ef0284337,62,0,0.1190469229053146
9baba4ed2ee9421ab61c180fb85ce519,685,0,0.11356236273985354
a2acc47c51ef497b839693efdce5f211,23,0,0.16807822080256452
681fd36f502e45fab7b290349e644914,420,0,0.06866429892834924
2b24b7681e7346c1a8f29148aeb2bbeb,70,0,0.17696684982984717
0cc6fbc6318542bd9c183247405fde45,191,0,0.1702411861057923
9f69da1fd0cf411d8ac40e9156bb5c9a,706,0,0.17855969479321931
51958917a4394e59a6eb2a426077e607,547,0,0.16162791399515103
9160478cd72e4c73939b6b3bc9284078,433,0,0.10837290149797574
bdb54e9d5a4640f7aab9996c05f5510f,320,0,0.18703669123097394
fecbf3d3f2c74482b8476e32947e0243,163,0,0.17955538206805427
42cde8104a214753809d0720c7bf35c2,651,0,0.17681076861801248
c3c796314c9849a58ec28b157652ccc0,131,0,0.08143279350894422
54e16170117b4c7d93172d326ca54864,364,0,0.06772889689343403
0bbaa10b7a9a47b5bdce83a64f8f8a72,77,0,0.10835826163194534
172f35a0782141bd8e70e35665d42bf0,413,0,0.16422506395373576
33346ba5033745cfb6fe88ba27c7b14a,502,0,0.028559279306890117
77b384cb73fe4b1e8eb7782a6e97e7a0,441,0,0.11308393607736
5a47dc9a734a412e94cd9a9daf4c43ea,302,0,0.17664451553024163
4d409bd74c514eabb7b94ac9805b81c4,626,0,0.15790180177642477
ca7fdc3864d34e54be084067e93a7322,664,0,0.0763656841348253
67ce08a5dd4e48988a66b67aa7850010,646,0,0.12748265845968193
f2f6b88db88d4f06b4940e19b0dbb178,293,0,0.07477685119375621
189b4c6b09c0451584f70063e210835f,320,0,0.1446420237675317
59834ea395814cc38e970462b07f19f4,464,0,0.11766362043642681
93c9ca03c17048ba965b00ec8fd544ef,793,0,0.18152214217732493
020368e2ec2d47a5aeccd2fe499b63a4,68,0,0.1740271490505405
028da60ee3e24f8088fadf63cab3e908,383,0,0.18103941095877957
fafed4ff5225439696d4b1f457f74ab6,209,1,-0.010881810747140008
438a2a24a7e744dfbb56607f46ca0026,748,0,0.10864814835078518
7a4f61f6f5904d1a921043a5cdec042c,193,0,0.1767498029470046
eeef706ef7a84548ab74abe6c2d62313,740,0,0.15965309878574446
eb76a53ebea145818821b80d510860da,446,0,0.17134708466098814
90c3ece1ee69401aa0d3ffe696a9b555,256,0,0.1539617796114795
3d0a8433c0cf429db44dcd6c4d9356d3,735,0,0.13988063876392393
1f0c30fe51ee441ba57b87c25b3eb60a,324,0,0.1357679835096674
52f639449a06430bae82ca140599fd3f,489,0,0.15905936768514317
99af9c036fc547eaaaf5789573742a39,157,0,0.09699486283604442
7f2c6a5212f94bc0bde1d5e4a75dc1ad,608,0,0.1775152645982433
29b9deb82e4445dfa468131e78bf4b49,747,0,0.17169976811876747
1d053340a076418d978f6644b44d7cec,375,0,0.1759285766105782
88cc54984545426abc366fe055884a58,442,0,0.09025017844568367
3fb51913ee594112920ef3dec1389307,119,0,0.1683489585948501
7e311d405a2243b9993b3ec6b4593370,208,0,0.15862507199336762
42e6bf7e28ce46c7a7d7bbdf708fde81,606,0,0.17465192129017237
4d80d04bff5a403badabd134b5ae0d84,728,0,0.17325542001120187
84a79903d4ae404aa4f09e86d6a5dbd5,369,0,0.18009710835195597
d287534004a3419a80fd25b22308a635,692,0,0.17721224858216783
1f3d5584a4bb4014be432dd440d4881a,71,0,0.16405471554303086
829c870d337f477fb52a811894c06889,712,0,0.13927830147629022
4e700c22903649af9d0ffb747b0e8a40,441,0,0.1613027118247058
7f171ec5d6a940bea6cd40d779dcc0bb,495,0,0.1734255308785258
7df07115e1494df9bb1e1a68884bb238,576,0,0.037069455660826034
9975649f045349d48e0fb782fbfac870,162,0,0.1433502287201946
576915e460cc4e82abe83ba40763f177,269,0,0.15001232974804585
5d13a4a39f61423eb2410a84a402bddd,262,0,0.05272589633792729
4bfdd8687967416092f06dbf0081cee6,732,0,0.17328943021831483
c98be2b31537413faea807ec5643551a,764,0,0.1496985075066138
45da5f8024f14a55b4062bad7bb7e65b,667,0,0.15636648490805705
c06359d8e8504d67a7be100cec0205ad,31,0,0.06209927499652118
edbfabd12dfe436aa0963796408c444a,790,0,0.18505987181534644
ea0ed91cedea44ebae033b646fa72a17,23,0,0.1412311611018573
acd7f7650ad34b90a4fb9a3acc189197,406,0,0.1611068013057979
5ed1f7cf3b3043d6ba9cfa2dc2035cf2,140,0,0.17600444561301243
0daaade4398343cfb936f28d591cb8c5,67,0,0.1729427084426522
194abef53eea4be184c16785e7e04247,186,0,0.16599649867637734
a4f4ac9d77a9463ba2872bd0d82ae01b,547,0,0.13146050403113518
12cb0650c7104d8b925478ede6af37e4,710,0,0.17881672857608777
0eb745732f934315b08294bfce8f6e95,249,0,0.15049036314642444
891b4a48154b4259b2d10ecdf13fc08f,145,0,0.01921786129699099
2733d2e2a9a64e71bd5a8b3cc2a43cf8,382,0,0.11879114425656995
a59ba535c59d4d41a12909f3ae72fc1d,115,0,0.1660638360252702
cc457b104815417bb3bf455ba8d4d4ad,769,0,0.148589035237012
7ae328e3215a4658964c0e141acdd561,727,0,0.03480753154087474
9e47f6ca070f42b3aeeced0182848f7e,261,0,0.17568026330480185
ed3add1953604e029c02aed072daa19f,441,0,0.14280892923198973
5c3fd3f43c014cd99c716c1b8196bcf6,502,0,0.11749388458306254
dd28275ee43e45568c7fda9c6da13ede,108,0,0.1599003662271125
c3b00e4330544f64857578fda68225b6,525,0,0.16673967972225084
18f8fe0cfbc947f2a328b5c18d4f5219,81,0,0.18539435130298532
9ff78f68922940b9bab549fa44b432cb,319,0,0.1859454531667119
7b170ee006844087ac749ad85e1729a2,74,0,0.1749625171824441
e9f0d7dd9b204fda8d9196b9a629e012,395,0,0.12186671433569779
9a2072087b2b472994c839e1ffcd8cfe,91,0,0.17082005930797606
f956ded80be24348a1b91f1d24acadce,22,0,0.1692579218244027
aa4d6b50600d468088498afab97181dd,388,0,0.12440994852505921
a5b4807271784c9ba134465762cf5f78,512,0,0.18945430995416518
fa9d111bda1c4c10ac5b261f0010281c,797,0,0.1868864151249512
5db0beea6e394e19a5c8b84b392b7d63,273,0,0.1731480944072919
cd783bf75bfa449bb06b7b4d35ec28f1,690,0,0.16278632755586514
f1f1665d762a46789675042c37a092f2,7,0,0.11327524876102008
f570fd5df2b24d969fe55d72e5917d6d,140,0,0.13978853417481796
1a26713ebd3b44d39b4de1cbdaed9d1e,601,0,0.18303384290305186
ab164925e27846ef9a2f715b90e6867a,101,0,0.0909963118063204
3f593790dca34e73a9aa969163121944,543,0,0.1716624202001456
c59d7aa2f7564e838291b9c000868e7e,594,0,0.14433724353047994
7d5a64c15a2c46b8a803d7a4e5cb018b,71,0,0.11832734432414749
568e5036e2ab417faa432e1c441f8b84,281,0,0.1654748771789239
cf5499444a584720a4ce13a29bf4b0b7,193,0,0.09228045860293643
7f88bc83e3214b889f61bb8b68d47207,15,0,0.17990997547676862
5e8f5ab12ee947f788923d21fc69b46d,584,0,0.1841897701860249
7bd15af8bfda4dc58a35b57b0a6f5d74,627,0,0.18713324795666286
7efa7fb034f840009eb022760deaf926,141,0,0.16619515351887992
e98d95c6d3c24b05970a746c80145f47,712,0,0.1310304750930677
5afb0b7b6833414cbf4e5f3cd36d2219,351,0,0.13613482829967838
525d841d4ba5411e90b8e389a6a2fe9e,735,0,0.05479242299453546
a8fb00550e7f4232bafb0768b5fdf5bc,313,1,-0.03816747679311372
626ec3dbdbab40e3a5b9531c0923f3a2,749,0,0.17205422920252023
320b313a24284e1ea3c21d7a017ab992,699,0,0.16765550436157367
fc117db63bbd424a9ed5596c51070068,569,0,0.13766369175358462
dbf530722d73446ab8777954a47c5393,290,0,0.18964501437186848
1d3c8f4db82048c584d92a3bab3e09cc,76,0,0.16384619015676632
33763fa08055451b8aa327ee3167c661,796,0,0.18585196335633242
f812be4351ed4a0682a791d0f1115bd4,92,0,0.17631247096145908
01f06e8da3684be993ce10424cee1ed6,652,0,0.16164361400553212
b0e34541e5d14fa28d1cfab7086ac761,153,0,0.17690386238869427
945681eec65d45da8773e5ca6640fc47,173,0,0.17565515228880468
48bb95f12b3c4af5a3200b4b5529fd13,141,0,0.061284681716080924
7d2f5beffd1645f19f95e5e712deb58d,728,0,0.1282239889508669
e7d9bb80b0f044698b02983e46bfa8c0,746,0,0.1784207656498319
3810fb9f7e19496396151363ee030208,608,0,0.000816102278681341
d6fa07fd74024f5bae35deb350f7f93f,123,0,0.1830541542661872
b2c6ef640879459da8d26b4a66007229,410,0,0.1750561303326138
351ea05dc90b4f30903cbcdca590ad07,105,0,0.06951318735771866
38eb769865c84e6098a95dd16e754e46,590,0,0.0963938379959215
37957c1f12ba4c6ebae1bbb3038344c6,299,0,0.07538479637085577
0db74aef79904f71b0d45e5ac818eebb,573,0,0.17930809152985078
3860acf45cbd4fef93b157fe9f6bc42d,789,0,0.17801548577410076
25bb8e65b3ba410e8930d2e62c51434b,151,0,0.07924171321137641
46f977069ab743b1837a4c8aac19235b,584,0,0.1534328398717244
7ba80c95d72448bca104571f93db2517,734,0,0.1143620542735167
883bcb95931540c089325ce0012af841,795,0,0.15782668395483285
ffaefb3f8a8945a7901812a383b2e931,445,0,0.17582189247273766
157426a22dba48a5adad7259d6c5d6cd,770,0,0.1607752926443835
5eb2964389994cdb9f6d73f5ff9604bd,445,0,0.15184266370459187
dc6efc71d067468a9a3cb9f5f2f54ec1,60,0,0.18146378314769374
cd89c76098e4405e921b6f52084c9171,348,0,0.17931648119890775
eb7873b0d48846a78baa39d437c9005d,404,0,0.17232683463333143
e3489daeed3e4cf7a025aed5010e1253,164,0,0.14915026236458867
3ea7be18bab242c59b05a4e0e839c9e6,510,0,0.14566964414766137
a4fe3f4175914fa0bccd44c69a51356f,447,0,0.17434457528444197
a3bce09d0fcf4cd7b7292e1c488d032a,221,0,0.14618129928120532
011463311f4949fcba67caee44afb6ac,261,0,0.08228984395373196
da622786402b46ad900dc819cfa67ab1,247,0,0.15775986412094672
1a5121a003a24c0d9c394027b8167056,793,0,0.1762542881977721
ecc7792a33ac403cb00e32fd922acadf,390,0,0.18221522487839026
5f3374c5e5594f8688a1041d08cf5a4b,493,0,0.11445524414838354
20e5408d7e364362a7810854f136d9b0,737,0,0.18070247667162198
80a59caed2d3480287845b6c74d65612,213,0,0.18564127872063063
6279bdba41164b809a1c3f46f22dc91f,163,0,0.17313134630840687
54936c2a4d4747f3a3280b36eee64447,224,0,0.16340168673555977
bbf3a938dd9e41b0bcfc0f9b718baa01,104,0,0.1796406018361057
04537961d77549fbba50eb7f7d65235b,709,0,0.12947564432338582
c98593a529c44a91a691fc57ac5177cd,34,0,0.14238877109954856
a77aa2cdd0884e7e94a740dc5f39ecd9,195,0,0.17759082278874333
08fbe70f97484eab9677a407d6d6b5b3,641,0,0.157373789417954
2373210f16cb4efea40d90eaa8a695b5,375,0,0.18111776114881828
4681268bd2224e4babaadaac5549eefe,498,0,0.1733863450169721
f167f7f37177437d8d6f865dd1c51fc9,475,0,0.1786102330689579
acfa03292f964ee0b4cbfdb075ebb337,727,0,0.06855597973688476
ef37167b20ef48d787220ea8690b090f,116,0,0.1834105610059722
192a7e57c1f74034a33216748f94d6a3,16,0,0.09565678797840621
43ccad90543c4a1b8800486d530fbbab,722,0,0.16450863407293226
94213de0a115400db37f998cc143ad7d,227,0,0.18676390548078764
e111f740c55d446abe51696d46ff3435,663,0,0.1821691967654776
b64734320e954a1490e4cf72b751c6ae,628,0,0.1749170852155335
309b7902f22d43148fc54b160fe12866,23,0,0.1723418765706724
b2dfe292a95f4b32b70c0b7a8f3a161f,595,0,0.16466975846806703
90790c8255c44a14b068b5d34e0e6d6f,82,0,0.13768844354493032
4477e38afc4144de95f13027f90818df,405,0,0.18341991570705662
239c88c382ef4e85ad4b79351ca1f389,37,0,0.15464875126529004
7dbc744b366748609ea65b0b18a09aee,506,0,0.059671115589032764
4dab87f575474407860389311518ff6f,581,0,0.18571292063428835
5b4e951013864ab4a442766d335c1de2,0,0,0.18096271879945375
13c59766318844d790e37d8e951bc122,480,0,0.16511276257253704
bfea49639fb2420daa6f43f5c613db34,579,0,0.16448042467133195
277fa6a7cf2745ceae2eac05689e3da6,302,0,0.17473232887878093
eaa40b8da1ba4f8684232e53cbcf9ab1,761,0,0.17862432423385421
29633d1d82fc45118b95a1388d6d10fa,32,0,0.17941326269594354
3f979eea30d747f08d68fda1ae8c1d56,385,0,0.09941629825090315
934cea54ab4e40ebb428752cadb459f2,472,0,0.1785105565400804
21a5790435f4474f996546f4b15e46f5,612,0,0.1825670028534786
d2738385eec94df2b651fb4f3f8b4dd7,98,0,0.18049356198206323
92c1d9b0902c47928d980a13af1d4dd8,765,0,0.1761731865797832
8500a9b87feb403ba45e787705241aa3,628,0,0.14273505153507116
69cb016b35c144f3aef48cacfd9c0845,59,0,0.1802077689160988
2b91e9f0587b48d493c633862ce58939,202,0,0.00873822873919372
14a047ec907f49e1854982e37d63db38,374,0,0.12025638215470213
bc80d28dde024a2eb7d2d9196f0975f1,358,0,0.07806212742145968
a41884e4e6f4435d9e55a40708da55f8,588,0,0.04837641357915534
fa16aca373ad43a497864291f719fa86,728,0,0.08314779908218795
efd5b979a48b4addaac8ed19b6564ce9,195,0,0.1476676862511942
e6bfc936906943689bd763317a03a632,92,0,0.08442507538277755
d659b728cfec48d88bee21152460599c,523,0,0.10201919775898899
aeb5324f0a1f4eacb924646843900e8d,402,0,0.17415244420135573
de19d1217b8842b7a3f271fe4bf2bfbd,793,0,0.1382011083914293
f1df3fb5ddc744daa60eb1c3fcb21833,364,0,0.1645642265090343
72250a286f3e4257a8bed6cf956d1427,533,0,0.17855323251055438
59668f7527224bbfb6ebde0a913b080d,636,0,0.09551962128083064
15d762ebd2de429280e155b3f8ed3e7a,60,0,0.12080949001885966
5448c7538c324a43bcc0a55dc6f4a0ae,83,0,0.0041224239499337845
e230c92f3c8d440587951bb5300ad082,588,0,0.16535124759268788
a990827f9d794793b75341335ccb2d5e,359,0,0.18329855227322361
88be85a3b3c1476cbbc1a36f929fadde,718,0,0.1431650633673498
45f32e98c7894b5486ec9d048559b539,321,0,0.17200824132405218
e1fbb9c82a714ac0b9deac825929b7d6,556,0,0.078036022459255
756b84b5a88948ceb071175d071f4abb,228,0,0.17531553747470463
294ae3aa35f945b492f07c5c561d1a33,26,0,0.16904602970503518
fd5aea77acbe445e9bb840c820dcde70,301,0,0.09802459589436291
cc64b94881804b8d93dbe40d168ed950,383,0,0.17729525646466698
27ac96ed4b9c438d89dc466f48076de3,92,0,0.15800908410537645
cfd157fbc2484081a20a9ade7e22357a,640,0,0.16950192355132648
4ee1146fa409483d91b5d64d3e2cdccf,344,0,0.06750633509508636
c4d7f698589c4a8993d47f2777506ea2,590,1,-0.04423507148522132
6db4a8defd6a40cfb197975e31d55b01,78,0,0.10446128854304981
f66bbe7305094100a9ffb4e69e89da2d,208,0,0.17716599741588074
977c935021dd4e669b3f1c233617c998,571,0,0.1312961493806843
64ff94bb5bd94e05babac1a405e8fa5c,614,1,-0.0986055635366534
09a27c93196e4aaabfe4fb83fca5a2f2,143,0,0.18438809678181012
9690b54c3ed34e288a2e9427856e03ea,167,0,0.04849305337621962
19ec6931becd45c9ae27175b4e3042e2,790,0,0.18398984739262397
7a1434bccf3c4b24ae7890bb4ddac94a,218,0,0.01668466710618277
80589a415bc04413b736ab454e549b33,569,0,0.14737989926640216
2f65c42d1c1b4008a7d9fab439e33d51,553,0,0.1702751040861598
a8b3e35c6ddb49a39036579381d745ce,185,0,0.17301297160242024
8db9d583210049edaaef21b123eaf2da,235,0,0.15229444068983372
1cc789edbb224ca49eb05927f44bc7f8,112,0,0.15454810925150714
b3ee9201bdc448e58b7e5ca020a0400f,64,0,0.1728751362823724
ac564c1af5754820910f1510091a2155,684,0,0.11748732780540577
f8a125176e384f92aaf26f91ed46f1d1,737,0,0.11748106504615402
0270a118591e412f824df7b5964b9ff8,226,0,0.1719579628245348
6264c468228a4436acca142d593c2da3,614,0,0.04342544868977538
33cd44bb8c9942f89c67d9c02e8d1d3c,560,0,0.1823117747796168
09d5513999584b11a1cb83a6781567e6,91,0,0.12499329772249024
596cb063cd5845769e12b5ca5ba23682,705,0,0.1429264178802765
6dfb9f555f2044d1825f70d66d50153e,765,0,0.13289184504573176
7f77586abbf94c249f8556068b5853a1,77,0,0.10805774580404848
ba1c2312542c4e92ba04c6f8cd68d2ec,793,0,0.14757681710021725
31afc4983a144a30aeba198a330ed427,333,0,0.16808800520024308
de0402a002834bdea510a6aa54d541e1,413,0,0.15624637865118035
2a5b686e366946ccaa97e71ce66e01d9,340,0,0.09643158834990007
3591105ab8b24024a55cadf3711cb1c0,467,0,0.18450816547163384
a7eefd8aad4e4b7bb32cd7a819b8d3f9,225,0,0.17412261409292634
cc3657c84b4e43c192c6b261fe7f0401,280,0,0.08794264596380907
b577210526f34fc68fd5309e047543a9,16,0,0.026439194287712686
6e1a982007054aa0b9949503b1aa6116,441,0,0.1872202002723063
71dafb6f1d15485886bfcb2c7a51e7ff,546,0,0.176412242091677
c63fcbcaace342a9b85c8bdd39f045e4,614,1,-0.01884240271345705
81e4742c72f94303b234acd1e76b0bb3,480,0,0.129211752551943
60e862c801e34f068e9834b2cf57326e,132,0,0.07176872484174718
07f800bf3c7f4e088aaf0d6d5b994561,399,0,0.1690157918004615
31b83404d69a4f618d3ccc253e9cd2c6,194,0,0.17829652474670238
abb600b2e6a34c3098f221625dc06189,409,0,0.1506874780838658
40ee5834c34c491fa5ae6c83f7d37f39,378,0,0.022420570239578663
a0417be9105b4cc4b4686faa5008d27c,135,0,0.16714525526074536
4fec44160dc64ca294081db954dcffdb,183,0,0.16120839895769107
e65f08a4c8e147a09be7fbf7349c7a7e,34,0,0.08649114382372042
add8863168c34272933f35b36fada784,634,0,0.16643569598098978
e670e8b9329b4493967a8086938f4a21,110,0,0.1720569435621106
27074a945cfb455e945229d0012eb974,640,0,0.14810152254837333
c03817955a3146f7aaf9fa55e7416897,423,0,0.12675859759245833
534082e1a4a14c96bd02f34ccfc5e84c,235,0,0.10858584930821141
d98f521cf0da47469d2a2ec236d0417d,735,0,0.13215541150789262
556f25add60d486589ccf4ee66a8484d,715,0,0.1619076940913889
4052c66ddb3649199de8158b0d4df949,551,0,0.18456782390908139
fec952945b4441aba39d205fbcad5768,201,0,0.14870762518280295
b832476f0b734f39afb1bf9d6bb8c180,780,0,0.08287982515929232
8f833866c79c4c97ac410f52d2e01c6e,117,0,0.185035556851172
e85f000733da440997a5483db80457ff,43,0,0.18442554465161015
cfbe353becbc4d0eab24f104ca1a4439,340,0,0.14251466082030284
17e7c457da594e1db51bdff7d237371d,355,0,0.18481731232626336
5a772a252f174a9db1b8da6cea6e2088,765,1,-0.017382068037492204
9df9b94eeb57432489d31bac1bab7f4c,539,0,0.17445265427478435
865dc4008003462fad6ee321ab4bd2fc,255,0,0.1797165913746755
5c9181bc1ec24ecfbd53426f510ebf2b,191,0,0.15713736501038122
c9d8772fc5df44beb6e54a81bdb9ecec,406,0,0.0638487131652008
a3c92589eee1444582bee4d5abbd03f3,131,0,0.1806492580243056
14e4e2c0bd634cdeb4aa94b3ee2417bd,713,0,0.1592583857615979
03564d85a99648f4ad73ca7ba343d45b,132,0,0.1574454388638748
c081037e78aa4a5dbb97d6c97e46bbe3,700,0,0.1754605364690947
21aee9f42d924d51baf0e690acc85e2c,405,0,0.17892572341516938
d1b726345eaf4e33a6bbc969f9620b6b,84,0,0.18181243058571217
bdeaec92c15b49f392108f8616806ad0,124,0,0.15771959638204786
4548b6a6aacc46d7b66ba43e1b1f5972,293,0,0.07532971332875255
69a29a1da015419ea2c7ab55c48ccb2a,319,0,0.1842738418351761
f5d194dc1109426685b8875d0621e079,627,0,0.17508371246413773
966442f81ea6477fa17efb227bff79c2,371,0,0.17262081313677274
6adeba7dcfe34e58a2564736e2d82f36,594,0,0.17632783468852742
91a5994da6f5464c8f7acf4bba4c0763,717,0,0.18106079602013048
761ad2069bca4936930ea927fd59ff86,536,0,0.17578089487175158
f40af3fdbb6a4c52af9fc928f390e460,727,0,0.11312052137541917
8dd174e82db6437da8a9d2b4be5098a0,157,0,0.1781842478690397
d58c84dcc16341abac01308ff1efbf71,224,0,0.16338493484911387
a86053af31784effb38eb085918cc30f,46,0,0.18182853160821683
4557ccf19bb74e45919e70fe3045c382,449,0,0.04398615392289612
03d946167c874599b128559e6cba7eb4,755,0,0.06645396075969989
13c44465b2d44765899ed851ac9f3c6e,474,0,0.1497918440170276
112f1d0d9a1f49beaf5d898984a669fb,261,0,0.17880033125922068
4de3fb966cb849e588bf57c49c8c7c0e,780,0,0.03233092252202435
a5df034a82b44731b9c9ff857d3ab30b,734,0,0.11286020899957555
d3565112678644598ee3d94e979dbcd3,185,0,0.11391170370761744
0b518997891141cd9c02dc619908affa,594,0,0.09200654849171352
61e4809e8f7f4b78b6e9d5a3573c4b74,550,0,0.1701920877133683
1188901719364114835a2b0424f972bf,436,0,0.1499077606069536
bbbcbb6ce896464c894ef079c7678f85,11,0,0.18051676996089505
b73b01f0835c45c6bc9947e0fcbac810,600,0,0.18266138445194452
35a4a7733b504e119e2f0cd49acdf595,778,0,0.18761424613883287
be23dab7a6954cbd8204d0e79fa48275,406,0,0.1549998416069029
3967a9a709904d158b0e34a64830c707,186,0,0.08000485405687663
3284359c8d37427dbee951045dd1f35c,316,0,0.1734859977193196
0d25dec968e241728e2a75d7182b9626,267,0,0.1592096728822977
9338220decae465b90ca8428230f8396,640,0,0.1093360836024388
05d785c959424688a1c1b3297cccd4ab,346,0,0.15590932992844453
a89a9858ca344858bd553e033fabd730,640,0,0.14342099340341402
16a4bd46035743be866dd14d2286b307,181,0,0.17652814118734395
3fd72ae1e8da483489d4b52c0f6f0296,487,0,0.18496863069206598
1c959a16efc646478107e317fe37a4d3,497,0,0.1868996482705882
62ff50a25ec647ada9593e0535d42750,793,0,0.0922594083547622
0d85fd66030f4560972ed430e11860aa,668,0,0.12678548885099422
56cde6a1d833423790e19da9001c59fc,133,0,0.17046668239336055
39c5776708784f66a55ffe91352aab21,96,0,0.16419543266902287
6177ff7d5f634ad39ddb03a3ab58b7a0,743,0,0.16999684641601226
75fc5704586544b8b8b171df59e64a50,256,0,0.16125136542044327
c2cf5f1a58834309b29e4abdfc49eaf5,643,0,0.18167934866351998
b4f9b14c9ddf4fbf878f5dfbfd3ddb73,91,0,0.06489017113596696
0b6c70ab15324684818efc299c2e2cc7,472,0,0.09762994456231672
5e14322c54be4d81ae62ac068cd17c6c,312,0,0.14912427115308585
4a32c3a2ece74d0695a5f0d927a909ba,371,0,0.12810080670776575
4e4ac5740f7f4d8cbca527357e7c5ae2,770,0,0.16802502766787275
428be3129f14467c9ce27e61656b12ae,511,0,0.15691475278589534
7d8d0de178d340b6b2a8a2b1f3a5f5a7,600,0,0.15568099616167336
5ac12c411f62432988764bb89e0d7d65,774,0,0.18394007908750204
0049d0add0d5408096cef2241ebb92ec,355,0,0.11257089747895122
7c840b1ba6884fa59dde4bd19121a00c,217,0,0.15568103043398795
ce3894f5067a4381942a893e59f09704,278,0,0.04844473812944444
34357a2afe4a4dce9ce7f1dc9fa7c425,405,0,0.14524804172618883
0262b4a546a6469d84c2b6ea8c0cb65e,783,0,0.18267345328949508
6114f102d4a2424dbc77dbe858d1826b,342,0,0.18697824950325953
1a78ac819bc14716ab0fcf2c6960834f,362,0,0.1813586532603932
1555cb3458d74b498a399539026e31b7,453,0,0.02644977292310796
bb2b34054cc54221bf628e72ef95566f,259,0,0.17452457591618975
1e164cff11d241f79124d71d7569fe5c,173,0,0.1711696269163704
d7d64fdc13f74cceaa1dae5a8ee6fd41,695,0,0.18429033220386498
989197852a7b4222a8e5307f7106ef61,232,0,0.10015402081971403
bda7183d507f49419421a23f959abe40,242,0,0.18577374053325357
a86922d81e274bc09972245fdc12b136,544,0,0.0834789696829214
24084def3e52484e8c534228d422c8e4,191,0,0.08169699356647309
ac3c8cff43724540b6c5c01404d0dd6c,214,0,0.05442454905184485
c3fd3f6f44b34a309e96f5565261e103,739,0,0.16788587841650177
ae337213b10e40ed89c3544a1b97e305,144,0,0.17423976659556378
e4b4ce118f81426a94285ba08e7dad44,595,0,0.1772615681185245
9e62a632511a43cbb6bef0cf7c193905,404,0,0.17844490198007595
e90a14b7fa664490a495286f3b53b043,442,0,0.09189259634606489
3476fc5dbb4b4ea1b4ff65c7de1c01a0,584,0,0.10245102427221398
5ad5d9f4883a4f95b3773f26cb67658a,54,0,0.17415693800037463
4cc128b3ca3b4ab4a0ff9888471fcf12,90,0,0.18602704367982986
6958283507064359809bb113d3f78bc3,546,0,0.18119248731832827
5edd0da55a00422ba5737edfb08b7da6,530,0,0.18022592517917457
d7bb8318241a40e1bc15562672e3a4b9,480,0,0.06355658239718842
1c6e82c4505a4087b819ba114151bd16,22,0,0.18543224854250562
05fad59ce3c84642b0bfb8aeb07b87df,329,0,0.18365581238756984
5aaf4705d52243f1b070021e2e47671f,484,0,0.16036246688527184
9abcc3735e194fd198672f901be7c8f0,352,0,0.17829663534618267
f645e1b574a54992955735d5e0df4c53,778,0,0.14892147559056612
0dd6f82937894e0aa1cd3c261c6defaf,481,0,0.07062442180576795
5f6292d8e6c14765acd8ca86a37dbd87,651,0,0.17284808565467596
838b9b9734944a31940553c87eddce43,163,0,0.17122036419517533
334ddd80eb9b490299897a30867087c0,97,0,0.1734119358106076
cec5a5da2f9944f5b0947f7c59abdf59,212,0,0.16449925220373451
fbe6ad26f370414c823cfd92697b95ee,512,0,0.17388373821564346
1981537fa76a4b4787011fa45a539e54,797,0,0.08193187946247865
8ef0b36b2e0a4924bac2efa8da5552be,540,0,0.1749942584536886
397a206f32514bc0987b75432c1e4e2a,524,0,0.16559385778989755
00b3811b821e488fb1c5604e31fbcc1f,787,0,0.18416623570129703
5338e0f375e74c81b259d3c3a3bb7dfd,336,0,0.17020429103772228
caab5c13733e476b8897475df04f48b0,268,0,0.04969536435806188
ae6f666cb33341528f86ae7248b3fabb,193,0,0.17898103650912434
364446c0c511455397bd7221864cf0ce,518,0,0.16583626975372812
473185e0833f46b5b7435cdcd9004ad6,262,0,0.0553434139377344
4e20b9d037ed4fa3b9df97c505f1f1e2,267,0,0.12492176005981198
1a0a683b2c7d4873802099e0ddace994,323,0,0.08333778170956113
51335fd1560e42c388cbeac6e52e50d3,640,0,0.12028124877550816
7bc3ee2db13945a3925406f56e9e044d,350,0,0.16850112131031136
23d02a7dab284f6d82be2c600e6e6d38,211,0,0.11716822460608278
120b3ca1a72744cc90a3328b18d545cd,409,0,0.13473597639501755
d8f9163bd04046c4b319924dc43a8495,611,0,0.16100474390608843
238639b3f07649fc8563278d8de44d52,61,0,0.17863886538655577
0332c729b8df4e50bce59dff6fe9bf6d,167,1,-0.04680432970144477
3c344fdd86e04a9c9d19b2a4e590f735,220,0,0.07372397727527225
3a1d58ffeb3f42d2928976db0043b6b2,131,0,0.17547365932573616
81bdbbadf9204b6fbe264e61aaae0889,543,0,0.1269261613532044
230f733077a14c8fb4db56cb75f8c02f,454,0,0.08517820354809702
163c58ab85c14e2aad13f55856a45746,653,0,0.036500277088452715
fdf271cfa24c4b4b8410bf2fb02203ca,86,0,0.17373954742958725
4ebc279f42b04172b83264bccfa36f31,192,0,0.18708275281882342
9bb0341ec704428ebb311936607ca035,134,0,0.18267580828724944
f06f13a9204f4269be0560d6d9d074ab,371,0,0.13405191147700563
7ec2e9676cf340f0baf0a11f88b48c5f,268,0,0.1678725046676749
dcdead6975c84cecb9ceba3fb1322e41,346,1,-0.05436246150387214
2452c21a760548aba1190b3ed16a4223,757,0,0.18409743888124447
e9a086a2b3b64dc8ac5b7ba1584ea66d,585,0,0.17385901513552032
fbb5f8695f4d47c89ca0c4a134b90381,422,0,0.1830797188218063
5dafb077ab3b426584b37baedcb2f0e2,714,0,0.18351035856517817
f88a47e1cffa4e8a8d3f74fb6a5a1ef7,520,0,0.0888725543741124
0a150e8e742a495283e67cc215616cd0,156,0,0.059548007498560984
d062a979ce1c4c41b755fa349d5c9fc1,508,0,0.1793688435255531
b751e9be04c549f1ba8568a2151dcf73,184,0,0.16985277715469665
fcb9df89c50c45ddb7065469dfd83586,526,0,0.09074547219985762
90a444cc8006432192105eca4f6f9cef,481,0,0.14538404438725433
66b5bc3d02a64046a9ae429c99dc6f97,317,0,0.17978961886828038
e96bb866620f416c8b056d5a51d06e0b,736,0,0.10309217959061023
8a36556e7b644068a27145eff001b8c4,202,0,0.07477625835965829
2c8ac193ce464c848a1953f8fd1b4b2c,500,0,0.1663126154450313
1ca40b9a61b846bb9bb6e4f2676802cb,269,0,0.17733966852807337
0b35817524d446cea7167ef37e56e70d,158,0,0.13891894584874542
976bd72527fd45d9962f842f653e61b2,406,0,0.08214175940106433
be4354460f804585b5963b8c9117d34e,115,0,0.17975129858855182
886cc3559f504517b9153688c8baa664,652,0,0.159876629503506
29b1f65a0fa445dbb88beb6f40a806f5,373,0,0.16582290542931083
2dee3f975a9c46d99d597fec73c612d3,125,0,0.050501875237947025
e342519e13334c95b8b99659078de677,673,0,0.09718818051506878
2b4edb12fdd743d0bffaced85cf29268,627,0,0.17764273488949617
23f63c5642234dc3971410a7c01d2f0f,205,0,0.17139236642285538
f03c4fd2ab5d404ba75ee4662ee97171,696,0,0.10317742560176651
a0884cecbf654556ab2c7ebafe8f67e5,392,0,0.12327075820760508
7ba78661ec47416ba83dd00a57cf6db4,248,0,0.10294453813636395
76a1ba8f08c14efe91e06a772fe38905,536,0,0.18323342245059343
f0871d5ed4544653994614303080d23d,90,0,0.1345957872784263
6f4fe5693e02483caa189b8ba458fd56,201,0,0.06459186898392233
c3e615abe12943c2a095a1af49d46d0c,165,0,0.14988361122607302
1bd30bf7f7f24ace9144ee490638fa17,702,0,0.1847647008060304
cbedbd3cff814c31aaecfac74e5e17c0,584,0,0.057868374292889824
249b328043814f30beb73594b2ef6fc7,685,0,0.18878725292348136
df37402e77c646029e9eff59a49744a3,290,0,0.09268733489933556
e10764ddc52c4e4fbc05ff289b27fd20,413,0,0.0403694256787972
2f9a2b14e5904dc9a8cbe7aa36cdbc99,556,0,0.07201369421323683
80c326cb4a504e8983d5294268e5de3f,284,1,-0.03678603473611941
7eb37d140299421f920f93e006fac301,663,0,0.1785707414503629
a31973360c7344fcaf08773929c5d0a1,444,0,0.10724205614315724
08d56f55791e4576904c215cd7df2aa6,335,0,0.17954820367042423
898d7411cd58480cb4fc36af093ff50d,679,0,0.17971428169464043
b023e89a3c2d44b281b6f0f84b787b02,222,0,0.17238358435905188
d27380b6dc8c47ecb57adcb4e56bc798,94,0,0.1767576219853652
2dfcd585c33a44ca8324b405ebd02ad4,156,0,0.06206943985869934
16e564eb416d4eb7ae0eb2efba217c10,578,0,0.08464843334568162
418d3556eea54a52a6bdc8508e4e0f83,428,0,0.14822133364484869
2801523d1feb4d9483d2d2caa8e3df07,149,0,0.1849738053120843
69eb639219e94b1c9dc6aa5d350259e5,502,0,0.14776435818941502
907b598d598748169babad32e2032e77,497,0,0.1836381547955806
df198d2117404ebbacdf297098e84910,729,0,0.1766662188681522
1cb73fac18de4742b38c391eef3b909f,533,0,0.1797681815798166
db8da7e8d8dd4ce1b1bbcb6eb1eb3113,271,0,0.0832687728501923
f123766f507b4bb0b8cfcc56c89766c0,333,0,0.11361382720773755
757baf715d7647f3aff57ebc40bff51c,682,0,0.174245418467956
a6931532eb4f4d1e9fb59bf7b08a9158,394,0,0.13823046586398963
7e71369ae2b34f3fb77ab92c52ad6c2e,345,0,0.16474789203016166
3ca855db6c814c27963031c20a6f4fd2,219,0,0.16544098992134226
b550548ea4684d11a19e7448e24be988,420,0,0.09741666264389681
d121de53cda64f2e9bb85605e9519cbd,259,0,0.1787133636778554
90ed766d85b94724ad81345f280852b5,701,0,0.17469686594476114
e3953d11be094cd68516b4f222d2b283,102,0,0.03644450207817945
410d825a1e7043ddae6084501defe52d,588,0,0.17772900750998627
f77b91849e084b6f873b188d22938523,348,0,0.1711571320726879
a7c731475b044645b9c77d35231d08e1,324,0,0.13860887099394525
c95faec015144f5ebf6e06d5e5b1da4b,576,0,0.17146378595245282
08e784e4ca4746678b1bd249e2e3f375,727,0,0.12670869750158464
66fd842633114b498b0882481c114368,605,0,0.07135241235483797
8a2afb41f6f0469f99c581441ccb42f8,212,0,0.04486711423382378
1957fb663d32475385ffb387a9b2da23,761,0,0.16816283102298812
4cb59fd573fb4424948e1b35d7401a2c,502,0,0.12880465990484397
8b4135ac171f4721a3eb84003a95d92c,83,0,0.12472158879876089
502c4b006a324d209e3da5231915e92c,302,0,0.046342844595614996
081601c7ad8747b6ba7997db04e62493,135,0,0.10490209946938606
46dc624febb346c4a628600d2ea8ce6f,97,0,0.08654634683067625
6173ab34149f4f9886c425f4076a50f5,198,0,0.1389101968493025
b4a948091bbf491a98a8a707645cb9bf,759,0,0.08798415682951444
91bddd7419e24347ade9702b8d72cd23,466,0,0.17602915653635282
88b73b43c66b45d08c45d3ee18031f51,457,0,0.17044774202558538
b055460dd90d44d3b3966e2f8bfd140c,624,0,0.06652288753440022
f2a05d443c4d418d84a3a6157f7b69ba,423,0,0.1749798209356579
db800b4009814da5a1d177263a52e9fa,226,0,0.15978945739225947
0c57171513284b2cba216c9747482d2f,522,0,0.1661845329614609
f139a4dfc6d04ba29683eb7792593135,55,0,0.1756086205535332
9b8e6ec225434947a69dd572085cf24f,765,0,0.17471805248178557
cc27f346e2774bc4b60ebe3dd57d292b,7,0,0.16774807963536076
4de0890e8d074170b61bfe4347f76010,701,0,0.1552575127778404
457b362639724dc1909e882d527e3c9f,182,0,0.14346066395693707
e005551518104cb3bd70171477504eef,192,0,0.11467003200846321
b329417271f44fb7b3c7e8875de3eb09,644,0,0.18311777720594324
ce9f0976d86546df9b30220af121116c,717,0,0.18066201994665104
e4a4c50ef72c42e99e6d91db7b44af27,32,0,0.17606009824304025
d84bce852bf2429f907fd9c5c3a7302d,35,0,0.1888690270506963
743743a669cd452c9da8f2be711af08c,557,0,0.15763651511270077
145da0a2733445ab89a7b102c9c62858,194,0,0.08658057192243374
ae7a4dd24f8b43ab84eb67763928d806,198,0,0.0855324062349409
d4aa3ce38721482ca25abd2382ec36fa,553,0,0.1878495642750636
24d9b81c302746f792ed26092d6999ea,62,0,0.18749401609932248
094b3673fadc4a659cbd7a7f18dd28b0,642,0,0.1825973176147997
1a6b40d3218c4ca28410147e3dafe750,552,0,0.17154395567496383
862639c4942a40cc9103afdd3506007f,383,0,0.08128132196334947
430b6c13c46c4aa8aae891a13686aeb4,242,0,0.18363036199381044
b6d19779b2ee42719b9363628d4a3994,718,0,0.15260724318750546
6a7fb9df24f345038ae58dbff910b1ef,603,0,0.07309825326978542
19ef517ed02946c889c1c99452836314,734,0,0.12444138151951267
86fc4b5fe487499886d567a7e3693e11,384,0,0.1701322466103974
5bccd66ca3d148a8829d60004b393236,263,0,0.17866955985122523
6b994f01a2c54eadb98c76077108b18b,644,0,0.15312727354481664
ac15de4e2e7a43b7948cd548a6be68f2,757,0,0.07913221484593647
85c365b6c3b8447a8b86b9fd5f53bafb,377,0,0.186093859167953
f1f48c4c2cfd4300a5decd59c8865f2e,12,0,0.18824570942352736
f524686ec13f48a2bdd2be54a9fad9a4,668,0,0.0821068799685245
2604e9dab1534a97bb25410f0de31bda,163,0,0.15244108571498072
5f9d1da3131b40e2ad25df4e20cada86,392,0,0.07919770489291805
c65e4bba317a4993a417fe77cf88c1a8,524,0,0.18047275367078724
2c62fe32f74c4fb0b29c22a6b186e72a,620,0,0.081805893457023
2ed8425af2b44ba4b0747ce778ac52fe,69,0,0.16421138203037117
b5f53625cf8d4a50a839c29c8719a71a,68,0,0.021106442732164332
95ffbc7eb5284b44bf3ed9a5e376cf80,706,0,0.18004741232896904
ebc3a81a8e3146dfb9bc23f6600c298e,684,0,0.17620606979589143
220793e61b74438bacc4c4572d7a091c,507,0,0.1862281074446147
4ccc639df81941bf9bfa0f380e7c3086,475,0,0.03546392836423995
ab6179e0f7bf4230a30f7143d9f2ea3b,576,0,0.12999443221297746
192e7d66c29846edb4c3b445c0494d2b,502,0,0.006503276462095919
eb5321e4a0f44be3986d40c79e9ea443,399,0,0.07626185444356609
9c0487744ca647108348e9b337adb8d4,37,0,0.11815442074120586
1da4af45551f462a89e88aad9d52c7da,410,0,0.16663341534684556
ef7f30194268467598e7424b982a22fc,178,0,0.07262292808213566
3560870c2f9b4a7bbd85a96a608eeb18,193,0,0.17608791248897498
c9c8db5e23504f7f93112ff7b70c056d,288,0,0.17770264235902206
f6ccab4af08046a79caa2d8b92e78c1f,628,0,0.18266402218918965
0f7da00f51b6443f83a109579d6016be,670,0,0.15595701921929267
61a731e68582469ba58a7a5022528398,395,0,0.17538077177007777
9e5f029ba9784ffc9c0ced3aa4bf8777,359,0,0.09165357499608895
8f9b49eb77cc48548cad3687fdf71ccc,713,0,0.13846215972031006
8ece37ce1c584c3dae210dc0f5328a93,430,0,0.11030345443786965
fc0c1e7ca0eb441d99d8cd44fc864a9e,38,0,0.17956589397798195
4f74936499164781a8d6769b39ae1a08,570,0,0.17582092855851122
7c699c0491904dcea2ac4698626e6248,135,0,0.10345870908140015
251a1f2aa07f41e1a5c7fc4778b5c263,337,0,0.1528174692710989
d17b2873d64a46d995869dc1655833cd,54,0,0.17676350170109978
ca0ea33c71c449d490c8afb0aa223f56,502,0,0.14500865810906782
cfae8cf9d41b473e9dbe2645919b4ab3,462,0,0.18153328745722835
f0c2375e94634d08a2bc4bd52ff04438,702,0,0.18296121333693377
e9b4a7d79e6c46acbee390001f5a65dd,656,0,0.1860670933379086
a8576a45f827482e9b0371289f25fbe4,712,0,0.1826854158351131
bb9a4464f00a4aa58ad5b2d1d7db1b4e,601,0,0.1787134457798522
63016c6310d84b51b87f68a2f3899402,527,0,0.16584838811407204
9fff7f6b1aa74804829e0bcd2e3670dd,382,0,0.08615643657011973
86c210c52809402b8d1c933f83ff1bbf,626,0,0.16158158419617102
79cfcfa20dca4616b5d0929ba95327f3,548,0,0.1519112670365072
fef92fa331f6486da18401525f0b0be1,533,0,0.16755603901042698
c1ac8e061df444e580e80e0ea8c3755f,61,0,0.15542480554723775
f7ad4c53ea0d4ca4aae263ad8b2ca134,498,0,0.18444036982775214
4853664e108f4a5799d6a14d8858f5fd,537,0,0.18494500472956077
301b3291cda24efcacbca4b8146eb0f5,425,0,0.16212898552433247
09413c6448b14488807e38c16d973e7f,159,0,0.13953820155241764
720cc5aa785844afb1e7bf944909d223,103,0,0.18704151844306693
365e59554c9741a296a4aa702cb27665,193,0,0.15025255206774824
800a5a0252b5405594749da7bf7a8a9d,94,0,0.16993740070070967
ea2e5b16c4764faab7811fdd085351ce,393,0,0.07096801126870672
257130fe0a054f3798d56a7c98cdc890,426,0,0.0818782152154216
a701611146ee4c8f8de375c2b682883e,726,0,0.10242361679140682
2dfa83c648f941478726d49c516f804e,679,0,0.1408236827871931
f15413eb3dee4b6b82b639cde64276e6,85,0,0.16693292971257584
0aa528bd6294477ca20a70fbb4649620,394,0,0.1411011105908752
c1fa84995761470c9580499aa53463ea,348,0,0.17066764707315046
f2a7c59ea02b446f898f91b9f40a013a,738,0,0.1449346738730558
00f9946462e04c05b330f450d13eb610,255,0,0.17153999088037192
f6185860020d4366ae221458ee3ded99,345,0,0.16983881879654855
78b3e0798fcb45bdb04d1d39c8841392,757,0,0.0998658352261575
241ea8ad767c4363bdbfa856eb758a0f,109,0,0.16527685858028623
b94304367bb0459e961e9c1ddf266a96,87,0,0.15008854270479338
dc444ab405014994ad4979715d50dba8,690,0,0.051850800915471174
53cf8dc0fd0d45038679a0bfaa6bc3e4,348,0,0.16038958175125656
c7976b9e806345d7983e4b52abc8651b,336,0,0.17174015840943685
7173a0da04c841f5b0d3eb17c0729485,119,0,0.14802451651456489
459e86a90fcb48d2b130d6caa2ccfa91,337,0,0.135924293840477
93a8838443944e0583e01922db2ec0d4,87,0,0.07734872780597968
68d9515d6b28482eb81ba5fbefe1e725,163,0,0.12524697381921984
6b11185ff3e840deb395f1939f7a081b,720,0,0.18820901268929685
7f73c0ebfa03412d912a5dad179c7663,123,0,0.1852771885836304
3164ae3da16e49ccb1a116f755a3c3f0,5,0,0.1454584642470767
a405a0234eb345d1b3c4f6f1251aed00,533,0,0.13231268174044897
50731df17d304ca69e36f329b73cad61,707,0,0.10372107383447265
2d3dc616ba0944ceb6b85f0683b9f043,614,0,0.09096766336632012
281b03c201bc4334b985e7831f23e0ed,654,1,-0.0034689200588816638
5afb576923d3475080d864a85da20d17,116,0,0.16908013949912415
ede1a028f1814a8ca972150ba3edd848,63,0,0.1786573637696539
d78600248d214a228b577e40ebffe9e6,151,0,0.15730876446661018
686ed8cb9bb547ba97b449340ed623bf,402,0,0.10162989303360503
e02e5fc0cdab40ce9ed0eae5b2bb7eb8,320,0,0.17436937676196068
a55214ba68c94cbaa8b49bb7d3747cc1,434,0,0.06612588847934159
731f68c2b6a2455f9daec599a3ed4295,667,0,0.1293150363066038
965f1d08635b46edad5cd890ea19fec6,548,1,-0.030863854761891907
53cf6d3511a043ed938a16a59d2bfaf7,552,0,0.18046318140505702
e02b150e2f9246e08db2241eb8355aa3,76,0,0.11127367148512812
f9de75c2f492426eb99f9dc7800a36f3,20,0,0.14699116760499392
7817fdf4065f4ea193f9670105027aa0,772,0,0.0034117970453794166
8591d63ac5d74a3192df103b30a1c9de,140,0,0.18296548373892524
51e3461489264bfb91d3bf6c16687c01,66,0,0.04876113979854457
8d78312145224024b672f66150bd53e1,564,0,0.15488200986582035
64185491b1d04001914385f9a98b379b,196,0,0.07304343498834415
50e2376d2a3b4188971c3f01cba204ab,436,0,0.15119914779259247
b9a1709b940f4ba5a9baa1e9fefa45a6,40,0,0.17056361655372376
4bbd243045c44ec8b316cd6670760d3e,467,0,0.15091273520080317
22a763ee8f554de5b94ece8cf2f751a2,698,0,0.16997275895877229
b40f6164ba434fcd97189605e3fc4422,195,0,0.1750361692864224
e2d4a1c11f724ce69ef2ee38fd12d28a,58,0,0.07449389289626429
c76b21064b9944fc9cd4e15329017dd1,490,0,0.18599864047734577
d107217d9b6949fc93558a15c42bb955,409,0,0.15426463039366228
4d57e514391f4f37ba1622ebf79cb9d8,559,0,0.16990696231292218
572ed980ffaa41b684ef3d4b08b60496,367,0,0.1752527919467196
79c8dab216eb41078341dffb125d88d0,340,0,0.028049792793250983
8a6a85a4523647818a95a472c6c68c6e,760,0,0.17965307943510428
5e7e6db2073a4af8b8dc9322744fd6f7,423,0,0.17661797243617894
50b1d9e1187b4a8ba1cbb57d5b15f5fe,765,0,0.10629122792985202
3bf5e9da253c41cd91ee149bc82caa3b,316,0,0.1724855045099939
f76cb889425f4ccbae6b6a0bb861d378,31,0,0.0713160455402933
7393e53c793e4c9697c07da74ef0ea6f,145,0,0.1680764831524834
960e36bf265740058b31ca6c9ca771a2,718,0,0.13358186674152245
16fa0881721a4d3f89299b272ed8e3e8,558,0,0.1641264607552232
f2040eb988104ba39429ec4528b77914,235,0,0.13727551774122004
9d7ce23b27b9406ab920af11367c76e0,72,0,0.14293383522451925
67ad5df5d7cc42ce82d268cd07eb8c7e,250,0,0.07816383848213104
163242f9d6844d41a9ebfa6b0fbe9984,72,0,0.10656780100550639
e46e27cb00b0412e8a6f964fe694af07,107,0,0.1594867029778278
37a7feea47df43778607df8a6f2b0518,26,0,0.1826490857258884
cd6ab25a8d2848a6a1aec8477bea98e8,249,0,0.15400728393171292
f423d602afe2437d8b530f46923d2a63,732,0,0.15374479489356185
f165a98a9aa448ab82155b384b57898b,512,0,0.17603682476718652
f29a1bb980c94faa8ec99463e6876c38,434,0,0.10666081709074676
1b4663489d1b4f2eaf41f6894cc8db3d,21,0,0.18134329021605133
12db61cc99b44bacb33c7c902125ff94,421,0,0.14087291081018893
65fe5c10bab74ada87a84ae8e8ef66fc,404,0,0.1844698969441092
be6d7a89f34c4e9f9e0d392feba0347e,124,0,0.16610616634718905
0fbaa9ca2c0547bab8c41eb4d65da015,466,0,0.09210781078177288
5c1f67f64ed9446e8bf6d0dd68dffcd0,709,0,0.11144984789773932
d355fb0daff445e6a40c8f9994dad632,433,0,0.16859510995647048
05d3969e44d54e4e81889fb4a611c628,218,0,0.03691106360922236
3da6c8ec4b224f15b8f9327c1bd20ab8,467,0,0.10828208639130738
8aba03c525924642b220afdf609e530e,230,0,0.08561885024465266
38c1d353b7714523bde378cecec534e5,757,0,0.10857698299960389
4708e576802c43e3840fbd2d92a300bf,467,0,0.14316481699293887
ae695effca89466081052e3754bd4671,641,0,0.1682007477999291
c9518538ea9943f0997f92ecc1a1a9a7,326,0,0.16019587285779896
a3d06b43452f499d952e4705afdc32da,108,0,0.11031571407101592
55dea5de3a384367bec0e44ac10975d2,313,1,-0.10769472259494461
c0b87ca4481b4c0fa70ce448a74ea304,577,0,0.1577023624695501
09754b3438fe48bc8c7717194d48909d,528,0,0.16423412156580697
c5e6d51da8c84eecb59535bc339751be,143,0,0.18208932483501805
558e7e7aa3fa4b028854f6500efb1c20,786,0,0.18307472013165121
152d7e532a584c03af358ad1aa0f7042,356,0,0.050234583866497595
d7247055cc1e40a4becaeaecc23bda89,607,0,0.18749133888257047
86c2a47fab4a45659c7c7ffe768132f1,515,0,0.16085026789551465
d54c25a133c3496fb76184887c1df4ea,168,0,0.16516227077693085
28115f80b5514441b7e6bc84dd2b1a8f,32,0,0.18028452655367228
f651b17f02e14902a079314b3019062b,682,0,0.1573853665922802
efa1b6698ea34dfa8550af40eaf3accc,506,0,0.15623219304296782
eea53b70e3ac4db0acdb6f445da82bb6,550,0,0.0674693138296254
622e7e560a9047ba976095e893ec606e,710,0,0.08815890409867022
3b005b50267c40bf9e960d1461be86c4,428,0,0.1532947431308604
090c381dad324702b84ee0efe071de91,129,0,0.16673841364091269
f7323594f5554d8280355ed00d967661,712,0,0.1847553404793188
5f53eef5bf6e4e519a1f1830ec9f90a1,117,0,0.1774129536192786
f0c7e793116141e6a5d7c04758e5ac1d,14,0,0.07700457265103555
c77d0455cd0147b789cdc934600834a3,474,0,0.14979824792195234
5ae387dbb92e4977a83bbe12fdd20fb0,433,0,0.12007234470670153
c4d7da56bf3e489a9b0cf2ac85fc6eb1,262,0,0.06710836258332392
27db27d887fa4ae09ffb40eb19193c1f,794,0,0.18734142707348278
baa2f30a062049f7b85f7402368f1e2c,475,0,0.18159736866239318
e87caa0b25c144dfaf9c710906d7314d,290,0,0.16674798454581274
15105998cc2f47f78ef3752719010c8a,696,0,0.18745587987217432
228c7f5d32554d1488f39ac0f2f8950f,365,0,0.16979642100089087
0c5ebeaa583c4b208411a63c81c3983c,474,0,0.12237144158228486
ffe34112894c443eba8265b8efb62e51,58,0,0.10297006503337647
7aea6a8da9b543ad8c96a0d3f4fdc8c7,202,0,0.09527191284589343
98f6a6b05b984be197e8720ffe48520c,699,0,0.08338338206390894
50cd29114658424d813ac47bec800c15,389,0,0.17347889861367916
a61a504586f245398f1ec3447b4cef93,210,0,0.01637749235487318
8442738e86264fcb9753cf853b4841db,606,0,0.17613028876878867
37aa5a69b38c425f87181753a93cb9a6,388,0,0.1768763083557045
5c2bfd751ef54dd6a0b19091dca3960c,665,0,0.18023897733032473
58954293099342c89aaf82c2bd1ecb99,131,0,0.1841461835493281
50ff1abceb314fd094a35c1f7c54a2e6,434,0,0.11373449291116988
314a4d879cb04b9b8efe3638d053fad1,250,0,0.037933038331336544
42e0698da116411693e8d944370681a3,271,0,0.1569497761720422
7827163827cc441f8eae0b61a2f144fa,126,0,0.15231714698834753
bc17199689bd4002b52eab3842eeaa94,423,0,0.1111485995519152
bded5506619842e49f94721cb7a128d6,337,0,0.16328969686939693
d4f85cb4997b4726968a960b09d6e1f2,324,0,0.12476576371346054
6cc7f6b0674545e9a981fb1b8e5ba05b,656,0,0.18651561233455993
567441a188194fd9ad18b00425747baf,626,0,0.1548993545583141
982626632601440ca38d3d257afd0936,607,0,0.14575490830619242
2aebbd1d42fb47cfb70ec52b7535509b,685,0,0.1757965623946709
2c3b9c2c67754395a3d94b0c800be311,520,0,0.18127216063980922
0fa646d6487f4ff1a903acfc7ab386d1,507,0,0.17467316016870715
1a0534c4a9554804997988cb0326696a,265,0,0.06756636032932306
8092b4fbdee14f9e85d41923098d6b96,185,0,0.18033217500801263
a0284c25d1d649568a0c2ae4707b0689,601,0,0.1835561878383119
56cad565655e4770b53138eeafa222ef,445,0,0.17461278635122124
10c097fe17b74cd983d9450410c61aff,138,0,0.18695752969345597
33ca507fdeed44559325bf83c04d0c19,759,0,0.17724746897428356
51848985111e4395ab68cbca00875512,212,0,0.1423519626844884
f7faf8dc0cf54cb787ade46316da5630,667,0,0.15166800779443473
0831e24764a54fb3aad9cefcb9a6de22,103,0,0.16943798481817673
375c258287ca406d8eab5a05ec135a2a,362,0,0.03805377525707471
0e1d096f880141a8b300400065e1b36a,761,0,0.18017046375847517
737bcfc15aa84486a2c852068e2c5cb7,139,0,0.17438507821248928
adea379300594bfbba63d0bb7b74f6f9,664,0,0.0944692497606825
c5903d54a2134dba9c4e35f2d3ddd0e3,252,0,0.16388784799030598
ba293b1737bd415ea747da18b08f1058,273,0,0.15834676079228338
6bdb87aa57604f33be911f2a581d912e,702,0,0.17052168367122078
8dfa398174df498781a984dad6fb2e10,519,0,0.18579060625230004
35761414085c47aabc7996adbefa8209,743,0,0.18049118894737332
0bd0fdfcdd2e4a4b986bc314d89ee38d,674,0,0.09443155203439635
6f9db16b9da64719a93c76efde2f0132,148,0,0.1726068965142304
2de684f830ec4fd399c479dc7cd088ae,218,0,0.046959615921739584
bdada851f481433ba4412b4c41012802,132,0,0.1804022485004167
a9d7acd7d2eb40a38644457138a24381,31,0,0.08164169096736257
6b1aad26c47342df8bb12a62a5523178,398,1,-0.03609607110949009
cb0c2da5da6f48fb814a6ee4a63f5628,516,0,0.16356143406909007
81de6ab468964902b2842f5a9bd73c55,139,0,0.16386317873130068
d87cf29f49b64b2d9681ef46ff08407d,165,0,0.17613654071754437
60be2a29683a4ca481eac472630feafa,365,0,0.14667660534757454
9e3ccf5ae32342d3b65917531ccd5146,430,0,0.18425990286213006
64dcfbf26e294076ab9bb668ba2b49b4,215,0,0.08595930761778331
8e7c28be25f44ba6bf84546fc2cf2f1b,467,0,0.10248269966389245
141562342d6243a98c4871626dabc04a,221,0,0.17229469479644172
c1099c39f0c140bf91d0254699763d90,774,0,0.0809044549907908
2d97e77194ed419c90776604bbc1ed87,713,0,0.1657833219135092
2758373dcc9c40b2a663c4f1795bc816,351,0,0.13192927367178386
256ef4c029f84ff19aa96e778f75c798,254,0,0.17925850097422902
55e9882cef574015b2c4e6452b7db82f,581,0,0.18802874898704242
de64b5be55b54126801eca8671b37dc1,31,0,0.06491103075224719
b7729a46fa5745b38eadff48ef925596,487,0,0.17984901090548044
df57ca208bf044a6a7e91ce1a04dec4a,281,0,0.1148502896628199
f34b3cdf86bf4dad986d20638ddcb9ab,733,0,0.10894724033890574
a7526e51cb544a35ab8c6f0f3eb7f3a3,574,0,0.16220302355780614
a60bd2b782e549ccae7d10c4f528dc52,285,0,0.15484787872731304
c09765c127694a14b844a375d4dff8d3,214,0,0.15552670180075884
a586d1f97679428ea075cad72d5d5f69,798,0,0.1829762214297116
ae156df9ea874760ae71d81e15661378,359,0,0.09461412245974304
7a187c0b1d944befb6a300b8773d32be,171,0,0.17995830812207725
26b29a27d7e243d28f5ef1ca92ed0b1e,3,0,0.14380750370742706
b725a88b949548d5997ee3d79426f680,344,0,0.012671482383779575
ef815e93e0e542af86c53dbe3621af84,454,0,0.1859849848658398
b9cbda621b3f46078ef78d9c140d4dd8,528,0,0.002360433820128627
729d220725334006b6ee9e8f119032f2,554,0,0.04124396416529086
1f13ec38374046dabfecece26523721b,44,0,0.1818337372399053
80c8cfe36e4e4fa399c790b12e53d9d1,182,0,0.18054198849898273
36a6cbf97e9b43048d3eb7347d511cb3,47,0,0.1423664995066533
cc8e7d3acf6f41919c1b9692771aee8a,108,0,0.18609434403987213
7f46707ad236495f97bf0b5be3a485c1,302,0,0.16729831002970608
07c38b1bf3e740679fd83b48b3056df9,293,0,0.17860471271224448
3165ce867bcb4719b994ee175422168a,569,0,0.1840371491702542
668f1f71633047f0a143c3d0b98aa70e,429,0,0.1671124299966772
2caec984a88444b091248928d0299a4b,635,0,0.17719661247220392
88710ce4fc744c8e8e3bcefdbb0e9f3a,447,0,0.13293003401509218
8180eb6aba524fef894ba064fe54db09,324,0,0.05962345418690651
d164a882b53648eba2fb7a466c30e8ee,588,0,0.18127832094862673
af2bd29b36054f39adc4ed9cdcf76735,364,0,0.18778550764926027
7e23f55f99444c4296538e1e4def4c11,40,0,0.17370856975833482
c3bf617ea62942e78af417f033549f65,521,0,0.18058430839740097
4e4cda60d3ea4585b5cbc3d486b436f2,442,0,0.17564493984585766
7761b4e9d8cd431b89edfed52a513fb2,495,0,0.15544729276295793
b4b8b1e77fa0416b9014b28fe7d6b03e,4,0,0.0404520395240382
8ca842dcc23544ce8cd175ea042b8d3e,601,0,0.02935118464870412
d26cbc9090a94c538dfbc611854a0d4d,794,1,-0.009416798765098933
7d28d1d554914889b5c2eb7b55be13c2,0,0,0.16813730840429758
48628c2259e647f3a3c1a08ef3fd865d,417,0,0.17447062978909256
fd590b23706e4b22b805695d7c87cd84,207,0,0.1621899801260781
0b3a17ea98f7477da1c01914081068f2,652,0,0.1779471985310186
1cd5bead132e4d6d8c136770a241e667,695,0,0.1711393970331765
72a05d79a85341ed93d8e9c4822419e2,510,0,0.16306901820848657
9fdfdfe761a4470380711994f06f19c5,245,0,0.1528423436244396
5b9270e717124761b6281c71aaf7c202,284,0,0.08911755727767456
55705480437343019b2b8eb6c8912de5,499,0,0.17885482563121835
5c67657e5ee744d0b3d3b6bae6934ce0,308,0,0.18561454278885414
e2c4fc9599984476ba1f903f90bc39a4,383,0,0.18492749266473718
faf33d0a34124444ba75987161b40287,297,0,0.11188499036856703
ade39d840a394d9caa145b670b91de47,256,0,0.16834396622201364
18b242b520894f8abfb3d38a9774b889,177,0,0.17059498320496175
a6e6c83594904cf58a6d527a51628c8d,648,0,0.17285807505134704
6aa831f4ded34ebbbfcd6bf59033f60c,576,0,0.18166700266123442
ff32c69b02b142af82f4a836b56776f0,141,0,0.16431404352528772
0f702165711b4471a6d45ffa526bfda6,523,0,0.11901805537325366
3bf04b94a39c458092d30f7bd3f5469d,475,0,0.18986141938458023
fd511ad0e34d459dbb153f41c308bc48,323,0,0.04876778581134239
a397b5f1fd8942a59e1322baf90f0f18,101,0,0.17660099040732458
e5b5e66bcac14b519ff175ffa30fdbeb,381,0,0.18471729777619422
ec520ade41344308b12a2025e198e8d6,257,0,0.0891277888788265
8c068bbc713448f288f76d8e7c078eed,512,0,0.16764625142683343
e320d22274bf4305970e8e5263111276,446,0,0.1706272817520199
699f71cfedaf4c5c9f5d9913b8494e36,502,0,0.016057789285664037
8752e1504b2344b396f3b00386757d72,541,0,0.14873886223134564
27fe186d56784e02b35124f3d464c699,369,0,0.17350988662052236
ac8516f049eb4658ae5ce5c075b16429,441,0,0.18313574231596852
50a46ebcdeb646258c2f2175c430c804,237,0,0.10929278775325646
2feacf4276204c3c96425544e041ff2b,63,0,0.0910788710347476
b43b260813f24606ad400de44a7332e6,598,0,0.17771673401473315
e6625734134a449fae8661753d1aa2c3,580,0,0.17968633936225603
f26afac485e14c5ab0ec8edc839c8ab1,80,0,0.16406247380912947
63b0adf6d2964833ac2e4c44d6a3ae97,684,0,0.18337196456653448
1826d5e409d746e49cdcb40a208e011a,331,0,0.11454872654937465
b10f978e05204426b469e6e7a97c93eb,465,0,0.17586206445782354
74d364b540144118a7cd11ff88a3c3d6,729,0,0.12124620927220364
b976aae28d434839bdcb271540308636,406,0,0.1852198660807438
8b41f38944e94d7e9224082674bdcc71,729,0,0.08379701977791726
a3a1f77bbd774232ac459799dbad4e2b,447,0,0.12618218467889236
a3e309c9e2364a6aa247698f8edd5695,144,0,0.16710798014734518
ca3ca4e01eb04b9aaca08d1f6b0e9329,614,0,0.012257848295901819
9a5f6b36c2aa4c93bbebe7ad65768d76,752,0,0.1568971560499116
080eac67dc2c47c78ec522fbc5674547,617,0,0.18496559576077448
be81decd9f6e4fec8a3a45f65c541057,172,0,0.10006140002529612
0d7f01abb594477dbd838d6189a138b5,140,1,-0.04359740346171748
a2afd7aa8c6d4495827e27797b6c1198,492,0,0.08415489899026252
4193e647327d401eb1b3347fa015852c,670,0,0.14177190572978005
63c564c41b8b4d0a8ad738e8ca8c4083,758,0,0.1774443898024209
c0e3e31f573e4cc7b21cf7297968bd55,552,0,0.16918801652354065
86c94f894c49404ab1b42af83009080b,131,0,0.18215783614472542
392c0a89dd704ecf9153cffb9e979b60,649,0,0.16854517734724705
d5050f84ba0b45c8a28514c8eb47259d,417,0,0.13330992562189492
4f37be568b4246c891e6f4e606781a97,361,0,0.16183908004939818
a144a959e7a64a9c8a5bff8e3a7ef98b,134,0,0.1817585128713885
d617ee6256674b82a73457886fd94acd,144,0,0.05475175121689713
f68a1230e6c24e53b3d95f46e9043ea0,286,0,0.1844361125004116
4e2170f6e30f4e69b410d8810d4428c7,188,0,0.099372158145286
cb75674c8dc3458d94896fe0c8680381,476,0,0.08174696279573807
8fe3d1ae09354d09a019751ed4a3db9e,685,0,0.18143930988439677
eb998045bc264dd891062c398fb91b9b,247,0,0.11062724766115828
f42b5cd1bb2d4acc8b00afb2701891c5,644,0,0.18055585570792848
e6433280a43a439eb7d5ea3ad31e7b5d,263,0,0.18424113398744307
532f9d9b09654ffb99c94bcd49ee91b1,487,0,0.10222645302844807
2a1c3f629d804c95bf35bd5b6d3fe499,108,0,0.107940141662631
cba52d5635164c1ea02e293d3d981488,790,0,0.09801827146764863
7e8567bc525041af8bb643fc4a89ce76,52,0,0.1876401899600138
19cfa107493e4f5bb07511994235e413,657,0,0.15877311509136044
8c9e690248934aedaba6587cba77b727,255,0,0.18160800654432258
d63b5a886a244d80b70d9750afd837b2,758,0,0.15567651935381638
7562c9a3b64744a8ba2c729ea7cd2543,185,0,0.1674944950124999
5336b5e00ce5470580fa7ff717b332c8,578,0,0.18066926383413145
5d25b2d10091453385d62302a981408b,44,0,0.08520306353150608
c5b15b76ff094b1ebd244b0e20ed2907,354,0,0.149965440610002
51581ab57d1049b58e639cee90b8944e,431,0,0.09080161745483001
c656f33226b748059b968e0c02fe92d3,90,0,0.17364246135566286
832baaecc43c461fb2b5fe368ff7e417,215,0,0.17371469855661587
ef90c03f4c9b4cff8518050213f9bee5,95,0,0.1652036258462234
31fa97c1496b43bf932dea0cc5aa2bd1,646,1,-0.006497881399668448
60395251a6ae43f6bce773b297d95b5e,512,0,0.13516369349246998
0bb7021f0026420c85179b28d79d2c2f,642,0,0.09690458508155042
aed007d09ec94a8bb4f4d0b34280df5c,108,0,0.14438905212509195
2f4a15bbe3b14bd082f58bf7f1b9499b,40,0,0.06164760157418708
4971156078bb44ae88c43bf42c8cbf8d,434,0,0.04917947506087539
bb315875e443463b890825d7f25b3b25,378,0,0.09903636781383396
84c64abb4f0b459699df0b45b2ae9bb6,316,0,0.015835543800055918
85ce3f34038a4febaa51400e99c27abc,221,0,0.13872368889151293
eb558c93e2c74646b9b030c53bc6487d,664,0,0.17970532039646153
65ff982d7edb49e697fff095922b2e41,541,0,0.1358557459973987
72f9b93af5aa4b75a3848426d2793812,752,0,0.14690538884864796
5af07e4e4367448785d4567ca72f2f9d,321,0,0.09527997430743329
72631d6db876424c86ca6233e1052155,110,0,0.1730436197438866
43b24c5373f54886a2ed77f12492e7ba,367,0,0.18001234190859522
34bc5971c7064c37934060dba5dd609f,418,0,0.1361954216483865
5f77109628844c0fab7a479efcca1f6f,655,0,0.18012759362781228
d60916ae54514748bf6d4b39c82648eb,322,0,0.08334068923656068
7ed67f5bedd34873959e899f9c071939,262,1,-0.020904688118847603
515c23a1bbdf4bd3af703cc05dd51136,94,0,0.1785121899692087
10ed0ff12dca4b5ba340c5d404552f69,377,0,0.16970394680266382
5ea30fa566cf4bf1bd5e4a7312ec213b,496,0,0.17993310205968688
abb33d16ed5c480d92880118db1ed36b,439,0,0.17455348473548865
11502c177eb7460d933b9f349db90490,158,0,0.1449657168460532
2001aa7edc594c7d926d3126a15dfdd6,634,0,0.17482069160949731
c036c22be3434b6e81926c372ceeefe5,266,0,0.12528135183965095
f78f78f9973549c0bb9e5b70047b615a,605,0,0.10385610865532618
ff77b9827c33430e888f39bc6b7f9a7b,551,0,0.013403497232203687
aeceebd7571c46a88f8799441ec07516,159,0,0.1193498728162335
163f66c9876249069ed16b3db2e70e31,622,0,0.11195823261576637
e4c5cf05c8d945f9a0b7790037702c4c,4,0,0.07798198929313604
1c2dd7ab93ff4d7f97a7df1f6595fbe0,698,0,0.1380753334474063
5e3412d424d74c8aa2a7924bb98a6971,169,0,0.18649200254232523
02e784cba0e24a959c66b4039d52e089,752,0,0.13963925219341528
3275076a0c4949b3bb7da5cea0999d85,422,0,0.18111698930663622
dcce511b344c484daf3f8d625ebff669,484,0,0.16050612592632463
e74da6d2d85f4476a45af8b61b974cdf,197,0,0.17833730151075233
e8cdb0120e564173a164d853f6f92d83,173,0,0.18659743990386846
c7c969edf02847f58d193754cdac1e13,19,0,0.06692875090208145
0769507c096e4c7180f2f9434f5d1098,671,0,0.16767488204508502
4a8e4632bf3e4dc79da4b985068b64ef,124,0,0.17973145409854407
5046dc1315be4ea597fad080e0957034,69,0,0.17996073577806254
1cafece7d8f842118a03b1d772011834,208,0,0.18520344371204434
5083cb126d584519a34c29fee7301fa5,624,0,0.1495381208258057
5e41f9bf21c1438fa07f468cad3f2b65,98,0,0.17899986028781772
0f8dfe1a3da44601af357b16dbb3403a,642,0,0.12962426918788766
88c17d58ce42415380af2f96a4c8958f,221,0,0.14512496001347952
c876d9a23dbe4f65872275feed422b55,404,0,0.17990630848141553
47cee9e00d8b40e7b47a837c8eaba4eb,786,0,0.159675606085943
3b871bebd7a346df84c5c355dbaf1b18,46,0,0.17949463039190716
28a0f9f9a67b44f6b3e476c870e2774f,191,0,0.16802834011896023
18c655c1925c458c8f738445e97cb06a,618,0,0.1705173621538888
f9441ab6dace4088bba9cb491833c99f,467,0,0.08102232904864143
38e7beb6b4924cfd97b00fe49c081942,14,0,0.027507755926023558
e7df5f078bad4daa9446c151c6655a3e,769,0,0.16410589535302006
293db66137d54297aa2fb8d51af1bbfa,217,0,0.07596678750209468
da903ece58f746d4bede9033959b784c,263,0,0.10271316958581134
f78a119e08ff4374ad7f2392d8ecf98c,381,0,0.18076061507770286
8064535a82994915953a5e11aa34a50e,732,0,0.12589098424888562
fa09f646983a470aaf2fdc8cf86f67a0,545,0,0.15814707583504928
1452b3ff9bff4f959862535291c44ea9,47,0,0.08198764790810603
de2dfc6de14748a990c474575c5458d0,115,0,0.1409335526643543
c38fcfd014bb40969f516d514581c23a,614,0,0.08589847297686815
6c30edf729164050a337a672fdef26c0,559,0,0.1822112747774169
0c4832970b7e462b94f55b7ff66c5375,393,0,0.11027680014535818
926da21562b2457a8f2652b9d5c7e4ea,167,0,0.04334236952146603
e17506855cae49aab42f14c4d178f2a6,577,0,0.1584970486334255
ae0a3e3dc65b4802a52bd0c594a3a83e,171,0,0.16311460197652766
b17c0c30bee74045992a7d1a4840b003,443,0,0.1796821048348502
6a076b205fed473795d7de3ff72ee509,421,0,0.13026646263674474
4400a29ecb614e5f949ae4feb9772735,341,0,0.1754153953562303
59d5e5d2adf04751a8710bcb5782f561,173,0,0.15532599570751554
a89b87f12057449ab1a8caf79aabf94b,346,0,0.1791101223384685
0f678757285243cbb8416c646776a904,369,0,0.17804906124444309
9f2217106d714c24954b8eb7286e0e9c,798,0,0.1853171036802257
029ab50898aa4e0e87289004c2c031f5,327,0,0.17591802879138202
d8aa980943774cf5ac81e3b004fa3022,298,0,0.1847017428458652
04e31442923c4586ab208dc9cd4f07d3,508,0,0.1802016911891141
0e6a76e7421e4c978502985508c361c4,7,0,0.16671235653252708
a39925a3c5604f7f8a8db81e0c4a2c44,656,0,0.17361370885242478
3ab355764b844e4d9899a3767191f237,140,0,0.1460425388210636
117d164c2b894ff78683304808d26aee,197,0,0.13323046277664014
309d11e6f07e41dbaea2a9b3e957de6e,392,0,0.11509200396074698
01ee83d055344b36bbc8ba4dc0910e28,40,0,0.10022400003002085
675a0e427b4d4b5d9f434a1d3cecedb4,471,0,0.08987398049486267
ddfb70c45d824858aa1ffbf0c573a35d,446,0,0.1827715150599442
af0dca8bab9f48358d2ff666b719acfd,645,0,0.17445311978321432
105a8fddbeb14f6fbc448e2ec9375389,260,0,0.16965334980720714
0895430e775c414bb3045ed0ce071ad8,673,0,0.17078750515001928
ef35f2c5b4204432867ca023f79e6198,280,0,0.11434558166229075
0e93d4ebbc1d45d8830840aa96256b69,711,0,0.17893582108492406
47932dc333264c2e93d060cc2acc1bad,598,0,0.17935693478917625
ef16665b3e08412cb1a8af3591f838ae,313,1,-0.022996028076824215
e9564b1bf00c41848be9deec00a54f6d,257,0,0.019327692168277566
785b0e7a99d447ef8a885d2f6b91ee6f,166,0,0.17261336118933374
e8bc87114620462886db884a4669b53d,706,0,0.18193160109626821
f22f73a4f4254989b8ebb59f59fed281,485,0,0.15867122723446547
078507cbed34489cb6c150b9005c5358,178,0,0.03740691588023198
c82f8c6e9b244e47ac0b9de335fe5d53,627,0,0.09391946885216612
3a385c76e1e541a2b14bc84c95628dab,620,0,0.1787331511991651
2e51e2ff75634d608ada997c2ffe3576,546,0,0.1842618122492113
e3ca9df5d0df4a2d8669ef5ed6487dff,693,0,0.18464134419285405
8438cc8797254f5f8a5956cdc8fcd092,566,1,-0.000367548124610817
085051aff5704120973d405ae4af926d,341,0,0.14647838899637433
b2a923076b414e29b3d7172208649856,319,0,0.11162971564977042
41c4d0e8a842408bae6df67badbabb46,60,0,0.1683392551602721
cd39b57f800c49cc84d3c03842d651c3,706,0,0.1566925177117437
dfb284e7dab34b2e93478095af4a1c5b,410,0,0.1800498920139461
a022f725f73f441d9bddfc56bca5cf07,222,0,0.15126378952777303
802981fd1b1d49f2925b09d9bd8ca04a,272,0,0.1570845442267917
738b945b6ccf4b99aca59e7a40a3aacb,668,0,0.13636015518141859
428af4d9f88c4d5ba21787bb98ad3598,589,0,0.1882395757486201
71181f6985294840b2600eaef8f631bb,735,0,0.11066063769272977
006498970d92441c99dbd171d2ab63ba,375,0,0.16555010529187963
2adcaf543e98447c84ca9729017bfc31,417,0,0.17615823817710097
d62a4420f8604974881101a35d2e181c,257,0,0.15659070658497154
00a918ddb01f40d8991d2708cc45c150,507,0,0.1821802685274055
ef257b31ec554c02a2076922d544f84f,245,0,0.18958117585469159
e2ea0ba3c09445fea7785a6896d3dca6,122,0,0.14820567357753822
b3585c813ce94953a8115f4b5964a64a,225,0,0.15400517791705326
f4e45c17d843407c9e32ce810cbb45c7,571,0,0.015591649536705554
bb388723388b434aae2532467704e461,515,0,0.1807777986033519
a8764bca84864651a1bc890490246611,244,0,0.1618446429276903
5c600f96b9164d7f8d2e6a26de48435a,172,0,0.1677959945802911
5431e11178864fcdb6cf7d24bf6e20ae,72,0,0.05066011853309271
b95527b01a8540c796bd37ba82ff309f,761,0,0.17614280735706384
9a4fcbbd7afa417e9be3900dce9196ae,612,0,0.15559162318946507
ecb99cd1ca824f8eba3d1575959d3464,434,0,0.1748998644835162
7a97650e890842f48ccf6e23175ace0b,595,0,0.17415192716033068
0812e1fefb3445c791fb40e38e975172,2,0,0.06412262937044277
385f26ee2c1f41679a50ffaab7017c68,1,0,0.10379585813988751
d4878f9af8a24742aa9b2cc746ff5479,571,0,0.036523287432370766
556c16f981ba4126850817216e0dd187,136,0,0.030687051583798697
058ba46c91254625b8d564f1868addd0,718,0,0.1296678534646617
f7d632ebc02248eca6d21bed047f2472,473,0,0.15094868859208932
be1ef7d970de49e0b560852f8c6eba50,69,0,0.17516171557801014
ac80774a2bdb4982bd50797f65a8cb7d,401,0,0.18131116685702686
471e39d498524d90978016dccc93a5d5,173,0,0.08696550441306661
ca3d69c913ad4d23a5610348951f1a5a,377,0,0.17959925465086585
c1dabf916337495ba7ba8f46d6e4853d,614,0,0.02461728313622341
c64d090921444b849adc1ed96ef7d287,447,0,0.18153143192463123
729f4c4bf64a4c9b8ee66fccabd30016,515,0,0.0851775855551542
f19e80cad8164ac7a44e70e237af5766,489,0,0.17030335280715758
8d9a9101dec54247972dc44ea7a3d54a,480,0,0.1623491437188757
4577dacafca24605bbb3983cd40e2b06,600,0,0.1744686697063268
ddb8a867322f4f60858cc6a93b33c2e3,105,0,0.09430267990459074
bc9af67ce50b46c081ddc8484924251a,242,0,0.1807908538821561
8d817dc4f455494dbe553e1abad58f5c,136,0,0.1695278224264412
e9be8f1be70f4d1fb48cfd27370ed0d8,216,0,0.1694736915264538
ae6294bedf434bec9b0acb5790507e1d,497,0,0.1833486838874251
c36026c491524ba7ae009d14a0c69184,58,0,0.10030043270348638
a5230b0ea64d4f85bb274cad275732c1,388,0,0.17131573195597938
7596a4209f274dabbee35cab52b137f2,539,0,0.1571358774660745
237cd0e25f234a3580b63914952ab992,596,0,0.17121411959576177
d264018ee5644321b00a5ef6be9ee45a,648,0,0.17178480410280794
dd295d5386334e92998ac2eaf2a91326,604,0,0.18285136690797454
a435044d06f143b397c1fd4f49da7bee,698,0,0.1710725299786775
7127723e91434b659f0ae4904d3cf765,228,0,0.18852495105195993
53b176903cd14016a4d935ca5942eb59,429,0,0.1685967391612731
2f1afd52ce9044989f023a2cdfb81ed7,332,0,0.17896773769899088
cca4f7238ed3484f8deb8ee9789722b9,769,0,0.11839935556444448
b2f1cb83d4dc41a1a1fe944dee00b072,779,0,0.18156555805290903
7188d33c34934f21b84201b250f4fda5,214,0,0.1866546424939738
56fc9f0bc3c84223abee34038059c0ae,598,0,0.12246294227295546
ab87c0520b204d6188e539f62344a154,0,0,0.09129483170163433
38a28a2930b145a29738467a8b93152e,84,0,0.17187102630752593
fae5595c5e504779875e976a00d9ffe8,757,0,0.18195471761745852
580b432e9b764ae389d19238f8cc2496,556,0,0.07683735476315662
d47ac58bf1a04aa8b72e1c7f8b0ccba9,493,0,0.18257691607090726
89b420e6c5cc4b649f39a67ead9d33e2,427,0,0.1726306072502215
868a22a7528e4a52ad0abc1fdcb0c915,22,0,0.16299126586358476
829fe0b6e8de48d38bc4928789b73cd6,510,0,0.15021319025379204
0b39812f65ce4abe899e0c4b9286b922,193,0,0.17418822748866314
de611166b2004137a620225279c769d8,627,0,0.10279968832877873
7a47ef0aadbe4f58bf6160616abcec6b,393,0,0.10641074376485243
037a9cf567934debbee2e1b1e9227217,755,0,0.06848157108218916
d708480aefa1484391be7dbb842a44fc,382,0,0.16147919084279738
ae02d09c7ca54785b300b5a7755b5caf,429,0,0.15026695793826467
42e81dfc93bd4203895415c4fce1e2cd,693,0,0.08976943248251884
61594566936f4f36b75f0bb98da27c2c,566,0,0.03829563252428364
df0a6665feef417ea8a1620137c95a84,594,0,0.17362006889226378
49accd64850843728463acffcdf5946f,740,0,0.08189865292063497
fdf14bf5c72a47daac7427077e83934e,474,0,0.1429116253534471
a3417ee8d2a5428881422a71edaaf6e3,256,0,0.1516405930847074
e0715c7e82724de5990c1f4a8606a240,712,0,0.18294823016129697
fa9fadee7a1949cbb50fe73a29d4fafb,113,0,0.08961372537081136
74d159c4669944d0af9a424f6637bcf5,550,0,0.1820625775846217
137515bcbf4343b5b63fe00f6de7da9e,193,0,0.1512780273823922
2bfbdabcc7384f3f8205fc5b6d25cc31,344,0,0.13468154462188792
9ea3ad2228d74b018e143ab04cf37b67,385,0,0.16657021014629753
a3707e783d7f4138a576cd6a45fc30cd,519,0,0.17156470473916002
6dccc83e1b264cd198997ddf0a58f3e1,430,1,-0.0033935734214770585
413d0fe7592142c39c7f3cfcb1539182,139,0,0.18473551250912568
fb27568c96bf4b8c8e7ef8feb1afb496,489,0,0.09361696027653466
d6354bdde46a401dac26b34f3646236c,634,0,0.1706259313869633
38f2ab2ed4594f67984f467e346774a0,383,0,0.17925897865539847
57079922b5674ebf9e1a0b45dd6292a4,442,0,0.16763662454879052
e04f4e3ca1814237b315783ade10352e,755,0,0.017297505060164364
6adec257db2e4a06aba614ee1167ac09,505,0,0.18227687319458935
f8896edad81c4042ade5d0ac0784961e,499,0,0.17014072620070553
a6b8bfb817034d6facc77c22d937ddc5,701,0,0.15261758107666673
0e5c126d79e44065837a3638119c1389,630,0,0.15319275212265243
60098a0084cd40d0b825f26eb018372c,657,0,0.15669857085940336
459f630ae40f4e1c90515f24e65a613e,728,0,0.18027302085726588
423c215873e946158a877a7f3d80f86c,433,0,0.16421250434404305
b2a00636d744411b93e6fff62b4f4d86,679,0,0.16719399446804212
0af7f53ad7084ea485982b7fcfea2db8,701,0,0.13740431567585965
7789ccfa68d14623b163a68e9d923f1f,492,0,0.16855754641614656
7b6f1e12b936431b8a00c6d038bb00e6,663,0,0.17835278235705437
f9bd71c3269443678eeb897e3ec5875e,206,0,0.15214388638902465
7465ac36d6bf447a946aab081f581407,53,0,0.171430508486549
7c6f1f49e961428f89273651ffaac8be,71,0,0.13944948241016447
a1571448095a4751abbbc483a4771a59,373,0,0.17458817393906695
4e08da4437f748988805eb6ba970f182,431,0,0.06377936876044127
2fbf6b06c42c4ffca42d6abdf190ff09,245,0,0.18058766052776087
40515638d79e42f8807efcdf403744ce,654,0,0.09326166208016151
8ebed46701074c8e811e5f56474c460d,119,0,0.17389814209854915
6b30741b442b49449048788840fb4ed3,342,0,0.17611903775729337
f973c81237384e2b938602bf7aa63d5b,726,0,0.18283722495664573
10257464db4a47edb957a8ad52580433,319,0,0.17564769082197967
70f1c87498be45b5bb152cc8ebbfaa0f,585,0,0.1638081930603913
9a50e6dcef0e45b9acd35872653a7656,642,0,0.17845795524282237
cda93851e79c4d3b83670106f4639f09,80,0,0.1532100920615468
6d6dd0db3c974e24a3283ec5f7d29d84,110,0,0.16543847667322908
b2e7ef94a1274af3bf892035db5b8227,536,0,0.1861940945455577
ee137efb1b0040019301c5e6e3f4b16c,4,0,0.1524819289764487
3a61e8832c8343678d8cc25de6e263b1,193,0,0.10857347568986797
aa56c74d666a4acc94387e40cf3d89b1,502,0,0.09390472569979103
778b160f848a4ae48d0b8747e5a4f3e9,622,0,0.13282091227523757
00acadbb73b94c2ca160c2fe0c68816f,211,0,0.16036467210081506
27a2f21e4a7b424d9e2695f040ee8b07,349,0,0.17688550543079323
0106e9cf010f4d64a73c1b4c715a6232,707,0,0.09316682913147734
45c8498c0a25433ba17168c51fc207aa,517,0,0.1563983578566746
9539529d7d854e73981fd414249b915d,575,0,0.12485859283368106
89beecf7ef1c4af2b9a5e162ffe07c4f,671,0,0.04846171408016181
279172cc01b447bdbc937f7ca5c5e254,617,0,0.18551594027234952
e6e40d82a3ff4915bd07a0a93cbffbe3,394,0,0.1604800729148993
82bd59fa8ff04251bba8f4d4e1cfed0b,491,0,0.15510519019785352
d4e834e24c8448f69127678d67929477,344,0,0.04507688484210798
31c2447c109640b7823b35a9e7b5e603,230,0,0.14907962301477573
740b4d021b174c88bb8aec73ea711402,202,0,0.17222111439171045
6505975f9fa84a088e3b6f487f78e384,256,1,-0.051638528584279086
52849a7791ec494db183773a6e64bac9,749,0,0.18135681616421023
d14ee8ec1e4e41468035b93dbd50a6b7,63,0,0.17915624149323056
a5f8d79c7a4f45c7845a9b5439c162e6,155,0,0.18028001342210903
45f4f12dbf774a6196906161e1f7367d,73,0,0.12906326185904876
31a218522030450e82d7e083dcc23e10,517,0,0.15277223424394537
fe01907ee364451593f696cd70152106,4,0,0.12803849829143
32ddb508b2dd467dafe60176b5fa2527,451,0,0.1539550123344195
b980a921c3104af6b1f2abd8c71bb626,137,0,0.18949513486397057
e5d625aefb444a6dad7c1eefd74f3f46,581,0,0.09405290370618635
47442806557b4129a6596265764b35ae,269,0,0.16284527577033514
b49ed08b6ee3440d8774b27e8faadbef,555,0,0.17307854284311291
cbc1dd16be854193ab3861ebe779da7b,16,0,0.1778662630178261
e6d0fa2d6dff4061a160308024864bbe,92,0,0.10481291150521849
cb9c36d0eda24f3994fe041d885e2dee,192,0,0.1814964199968
8b12f9199b334ec0b411109402659cf6,759,0,0.15846626089758686
86b0010df6bb41598cb7a8cfd5648955,605,0,0.09597813361401286
06f562b83b2b4c44a3e05f44b11ead95,798,0,0.18643593922952756
d8b500dbec5647b781c2799b367c78e6,425,0,0.14550203954536695
62761d19463f41d3ada191b894507da8,235,0,0.05865333486900093
e4528450ed2d4104bf7bd7dab27a96f2,0,0,0.07750529133083739
50c4d332047b4236beeac13300c9e980,219,0,0.1728438057854056
7029704d46d7486f8385013bad63d7d6,225,0,0.17358829324969582
17caa2b0eace404ca4ce6e6029800fcf,228,0,0.047624157887858565
e40648af3fb54f4084fb52d7b195a478,0,0,0.1307450206376511
1e5fd6ba125646b096a048472929328f,355,0,0.1702088311145577
c1de107b92f449708d24cd536363433e,198,0,0.13433330890236628
f44eccebe6eb4ec1bb4ece81d9b75189,266,0,0.15870174869308878
a064e5391a224db2882590a1d93db692,77,0,0.17920035616775576
26404e83acd1409486f319c496761afa,760,0,0.16085312663919216
04f69635f12d4d9cae29ef26a716d3ee,546,0,0.18436089489003699
7b7e1a55509f49beb9d6432cd3b4afa5,96,0,0.18208002349821228
13f8942f93cb431ebeceb818c18ab34c,323,0,0.11994010772622443
ab0133c4e32841369cf9bda5befb6c1e,300,0,0.18565171986284573
7ca695752a7c4555b52685d6ed44f3b5,787,0,0.139228583177051
0464030568334d2984c8b999125d0e8d,327,0,0.16574840218571324
a07731ceee4649c294118338bbe8fd24,645,0,0.18447330944924734
09369787e7ef4a78adce7a3d7c08163e,543,0,0.019536630082482076
283815b7e0234e9b87baec3c38179b61,205,0,0.1840117983278381
dfdcdab46dd9413fbede9d503321584c,645,0,0.06310763416069776
b6a49ea209ba4b08b72b027bdf3de2c5,201,0,0.09418091560482506
214cdf3317be4101ba14328629d4653e,300,0,0.1566979876813404
e32a6bd1dc8c44de91410df37949b4f7,578,0,0.16740387876422147
50a82482461546e9b66227ee00878d8c,746,0,0.1814621039011699
a7f3fa354f234ad5ad875f98399c180b,726,0,0.10362420601306549
5e432250940c43788f7eb86196493d5f,591,0,0.02272533740598648
dc33cd8a6fa84c3bb7ac22516733a718,577,0,0.18096946932604507
15a50aa4ea7e47d788c844d8aa3a833d,472,0,0.17121472556562917
f7acfa49722f426ba5200235e6ba4ad3,522,0,0.18407019740712233
74201a8bbd6640fe9bfdc816162d61f5,582,0,0.18178025439603424
82a3f44ada064a34aea5a60cfb2dc501,394,0,0.11372647127431956
5fd35d18936b4bb6806e6954c28c034d,125,0,0.07120556941043765
76c113f3ab0c45588c4c6a35c19d7622,333,0,0.17304643106697587
a9845fa0bfba46ddad3a4923adac5909,481,0,0.18265685527771697
2f96ca36c94f4b718c082f17e14dc746,459,0,0.18111459366718924
65a135e926fc450a8d1c71f43241e00d,139,0,0.17989996773024863
deee74aee5714fa7a40e738cf2fdab95,138,0,0.09054049474934028
e838b75748384b2089c95c1fa2541704,454,0,0.1730139367656836
c2b7068d23544b8690cd77ce01b9f69a,639,0,0.08265603581328873
0abc166a51ad4b5c8e232ddb3a1eb02b,427,0,0.17868969398704376
450b26bc3c5444a1b12d771eb2897779,608,0,0.1721798641534691
e098091fab5d48aa907b59f3b3eff609,193,0,0.11044582668572817
f7aba7ea30894c5ba3d97421ddd49b7d,316,0,0.16858327394087802
38c0d47abee245c69f3019662300d19f,454,0,0.15859849962157724
04f36eaeb6b746a5b4401aad2f3492fb,149,0,0.1689313695337878
194ae5725ad74da18abc754294705a6b,670,0,0.14634307788652762
34227f77728245e1a91f213f3059d834,115,0,0.15873673386052134
f680c170b98b4387acb95413a3101c42,114,0,0.1877578210880853
96b69eaed99a4726b1ab0cf114b47369,237,0,0.16990388178087096
894994745090417db9b951578c517ab2,438,0,0.0930952235757761
f1dab134c18f48ca8791e4522b556eec,61,0,0.1606533473815236
9fae9b5b722c4369bb54ba5a1945b447,207,0,0.14727481739471876
bb08c3d953bd4ba188f733c0b3a485d6,265,0,0.17828139284995087
c726af20c262464fb0e84f7d5071cba9,496,0,0.1676742135690133
b65264c2def44c95bcad28a195e9a498,764,0,0.16616009572795554
990c9ce5046246a3bfb117e9897a717a,211,0,0.06588134173375132
d045a178d13e4ed7bfa102f815b32e35,78,0,0.1732378216354759
1c50d58af6d24538b6554e5cd2976a7a,543,1,-0.013422722302719126
3390e249da39463d9dda65fb93e6074c,7,0,0.16963160650324882
dc8fb9464e8845aebea359cb7987e09a,756,0,0.18501648874384247
00155cbf189942db8e1d1e0377e67933,492,0,0.15378095548261905
2c73cab703274ba4ad075d4d751eec44,480,0,0.18036301641660935
d7d9ca1ab2874b6e895f5e7700dc5177,480,0,0.14988262285814435
141f4d3932c4449898c58c4a7941ddfb,189,0,0.1706141601715474
e96478c17a5a4fec970708d318bf854c,125,1,-0.03380866634661517
395502987149422986ac68c312201508,287,0,0.12932803297097167
e15a60f2cfd04bd0ac6774727bc1bbb9,142,0,0.1580770784811545
9c6775b9b8f5422fad6c08e0cb3fc9ac,356,0,0.17825738685006665
63f2a3aecf6d4adab16fec942a24598b,97,0,0.17633867871346504
c94d75d47d754237bf6ce9c9f2b6b06d,542,0,0.15964709997645238
37dbdcf1121d4bc78c9f6f77074776fa,237,0,0.12193482119034837
cb7e51df3eed44e481cebb9a008dad0b,162,0,0.07931911611000719
091f9e7019994365a77c844505f7150c,436,0,0.16140420713652615
ba62ca9af7f7430abccaaf4d9e7bc74d,142,0,0.16102674442890702
564c827d666f489bbf54d1493253b6f7,375,0,0.07280786886860219
7d7c9d3c20174b2a8826da587dd9b65d,551,0,0.18120157679745263
1edee1b581d747b1b9bdaf402eae1f58,370,0,0.18318483690670206
f2ecf189a4c041269ec9b16c409abcea,406,0,0.13883563968290807
f45aaf95d9ca453b87a7c1f2d17dd5d7,155,0,0.08690005892128094
9f48e9e9d5d346528ffe0e24b8bb5bb0,414,0,0.18029815431019913
2540e161a57a4668a361528c10b8e9e9,245,0,0.18580369259815
258f7f00bd664290ba012ca30c99552c,696,0,0.16576292043466767
f41041a3ca6b43ee86276dc5253547cf,706,0,0.1764774028726765
c6db907e3ff74833b3f0d19e988d8110,183,0,0.1864710668855149
c36f110cf1394cefa2d6ea4933318f61,325,0,0.17727238856170335
c42e72629e0548c19980d2ee56a54359,77,0,0.09997320350571448
447a3976d9f14312a59d807197491231,319,0,0.15904361895915198
866ee9949c5141f3bd9bae391a11956b,61,0,0.13526529929572073
cc2b8f3b33434fff82c854fab1ba83d5,605,0,0.15662310358716086
3a8114123d644a05adc796a5281130ce,736,0,0.1763205608945046
59f3fb69c5f344a9a91a71ab93730e6d,74,0,0.12752862043390412
c27dd7d3c40d45e4808cdcc35d67f860,557,0,0.1379471820611048
545f190c83914d458b5130afaca05522,151,0,0.16650407095758374
0c983db29bc44e50845cfe6174aba5dd,181,0,0.13666455963737245
3b50c44129584f2ba8f6d152cbd37247,537,0,0.18391143455333675
cfb1c10639eb40758f2ca2a796bc05d1,14,0,0.16317703729725935
6a9e7fed3a6542b3b869346d2fdbea0a,475,0,0.18623284426832282
f570b9ad8655488d9c0e2a1e6db514e6,172,0,0.1645087318093854
0601e45ec25c46ab897260c39d9a0774,258,0,0.16511483076048633
e871d583424a49d8bbe5f591c1307fda,794,0,0.17778434886682215
089cd61eb4ed4481a4fb2394c5ca52db,324,0,0.1026719158582024
fec719adce1d4461ac8cdd78d55382cc,576,0,0.09872883046717962
184bcd31d35b41768fb80e2c431ca957,160,0,0.13286372548949965
4f22945d8bec4a0d8d6e6a5ce9a53404,696,0,0.15480833290428553
95340aa092a94c899792cf8aa638ff08,401,0,0.15610838675946914
a32a19679bd74eb08d83d4783b93edb6,335,0,0.17614333707646362
9b3b5f9f13d34d9c876d9f5db66e2c0a,285,0,0.15848046716690667
4cc7efaad5e0460e973efbfb3fca0253,172,0,0.15598756808112157
fbfaa01933d940fbb8f2614a8f89ed08,235,0,0.11824256343777717
2ad2132053af4621b91443ec0dec4940,237,0,0.13615114630429154
f101df773f034c84b3e17a4adaa1a74a,610,0,0.1663181169623969
e72223333f994e55a446c18f4171798d,420,0,0.10579977677734703
5a7e6fe4989a4d058118db69aa48c96a,20,0,0.136440200993504
03ee2d2ea4524893aae2aad92504b792,499,1,-0.020933190221332554
efdef7a278f24c8fb76140470ab99bad,263,0,0.18471910924311136
58a2f463efa4414381851ebd793a6259,73,0,0.1140013819036495
619fef2a265a4c96b44e459f620da3bb,695,0,0.188374622851589
c4361a3346fc45c28583edd59893587a,542,0,0.11155285184195113
f56e09b9586145fbad6d27942fc83af4,300,0,0.18707307547502627
f3dfb0f6f8334ebaa926e811fd31a4fe,5,0,0.1838938111366925
f4d6b4d9698348338eaee2616d7d26ba,215,0,0.18428114538311413
eb58fd7a62ad48a3a04c210abcafefae,546,0,0.11239535274427526
1949dc0f705c4d459eff279a6593d91d,221,0,0.17057562461497938
cefdf1c5a36a477faee850046280e60e,405,0,0.16352724234948807
106bfeb5446b41c1b96e95c55f0d55a0,135,0,0.15264906658495792
4be2852d32614e8cbc19f0ee3ec20ff3,322,0,0.18024856586630217
3a4ae6ae5d5141329fdf0546361e702d,249,0,0.12940906928035606
05b55f9c446f4ad291bf8efd47c78e2a,774,0,0.1715894277104446
e4d570781f2345888ceb288a5722dccf,781,0,0.16465167647124151
c493236b1c374cc5930469aba0bddc81,714,0,0.16603586196555475
808bee1eebf0403d8db44abfbfa5a811,550,0,0.18142611389194635
25ba229c3cba43c084e9f3d4953e6361,500,0,0.08958303973125092
0a412e1fadd04da8892061923bb09c6c,779,0,0.11444232693754541
678f15470009450e994642ae3f27a316,546,0,0.15608304103497295
b1f90c200b6c43ce9f466377ab7e8373,344,0,0.12341639649963515
fdae253b8cdb4fd88cea533ec472fd8d,612,0,0.1523283679812798
3e7506e2e8cb42a1b01c3d7756a36d1a,798,0,0.17396954417731808
d4b96b153cf54fc0aba4abda61594079,612,0,0.08565902096164302
26308b38af334be5ad5da536b1f70a29,612,0,0.06879896569564775
b22feffdb2ed4d11bfdbbb97e1cc0d31,612,0,0.0024641354644857616
f27fcd5b15544a2f9a87fa3bc6243a8d,21,0,0.1642470413505826
cce07f6f194143dc8c30d3c3c5f98223,554,0,0.18361949687650087
ab83b9b6286b42118d71418ae9bc3c23,612,0,0.0017429422597103894
b79d800266ba4b6d956b9dc837a26ec3,52,0,0.17423270686758474
8c9aa51b097b44efaf1df918cfcca4a5,612,1,-0.009311297753532566
f0c879e718664ced9ce5d87e48c34434,612,1,-0.04075007650796347
b30479ce5f0449cd9c896b1aeef25e4d,690,0,0.17290728932919813
ac804266110f4e118c00d60823f3df30,612,1,-0.06535769589329332
d75271e3f96b4ee18c56d56d62886909,612,1,-0.0727280248265586
f95c212198f34fb3a9c8eadc6495ff51,219,0,0.1689751771813071
71d7945d5eb845509db3537703411eb8,701,0,0.023518150172042285
b0dd672e068a47418393efb74d5e8b4c,612,1,-0.08643329801802091
30a08e5abf794d6ea59ea020ab5eca13,612,1,-0.09552326067282202
50e3c3ad5b724a4e94d3926877b76bf2,590,0,0.17881321991490767
625715e9e34d404eb078a4a3fe96e8dd,237,0,0.13068493132280645
9c33cf302b0449d1a8a83f3b6d644603,612,1,-0.08932989960148552
eac0202517e1460698338b075c293930,612,1,-0.09996292144654928
a469b9570f614f929c65046a3d8997e9,612,1,-0.09090911206709473
22a1e8d042374dbdbe620323158b9b6d,731,0,0.1566388834250848
75d91cc2580146bfb8e189f3dfcaba4f,612,1,-0.11798696576425016
be2af12833a74eda9917a0fb58661f37,502,0,0.17356116941521393
450e9f91f1804e8191525ee97bafe422,521,0,0.04459462470273523
6617355a289444dc96c1209d9fa18a4a,639,0,0.13004740710636725
4aa41b745e374b76b911ba747cba2c3e,736,0,0.11764819619861522
6a2b1c491ea34ccfa4a484e0db9645d9,476,0,0.18134279034509276
61da3cf6ae8c41798b69ac3051763a2a,219,0,0.1594730226562423
94d592a4cd984d41b02eba9a03617324,377,0,0.13567299676158268
1182c1e2620c4318a66f9e9f5aa5defc,769,0,0.1622362483390254
4cb4d59d9f5d4ba0a0fd4207e87791e4,97,0,0.14653390155435797
8b2dfc2e357b41bb8bab015785eeaf38,751,0,0.10743552159981506
6e72fb130d9a46e89efc561ad0bf9d3b,319,0,0.11909406502880204
690c46145fc44a3c9051558ad79a4783,497,0,0.18824839539290783
8f524b2c5bab4951b75b1f0aa5b5acda,180,0,0.17393548345796706
b4108f9a4eca461eb5c1fdffe0fdcf6a,760,0,0.1839085919432391
c051a1ec818d445393dc584fd4f13487,706,0,0.10449006820833451
bdb79e71ce9a4c5c8c6b6a4082ab09b7,329,0,0.10046038970111915
84098bb3cadd4113b65768e254d251f7,472,0,0.11976847667442575
3bc2aabe14ee405da88ca54a57e95b7b,717,0,0.18646989360652216
5cf4bb47918048679de08f4e15e600c5,604,0,0.17749141003579194
fc1471323d9a4df58055aca14c5f3c04,123,0,0.17306644341700805
265be6eb393843d0bf230c59c5ab1410,20,0,0.11013710093805462
4e9bf07048924fae9823525bbc68fb75,60,0,0.16647006621768984
b6547d58c86c43b39d8bf0971fdc47ad,698,0,0.1634659724973372
e4cea5e47925498d97d200e22729855d,491,0,0.1770123602109605
f672dec19c754827b332cf6258f8948c,458,0,0.17801740284991097
7c87b93068d34132a852bd38febeb5bd,218,0,0.1324909030420689
a130590dbf87443dab160dee4d13f006,713,0,0.1827868003797284
e734a87b49ea40ae9907942603708caf,560,0,0.17555558946320893
64acccde5a13491995cd4d6f1329995f,472,0,0.07666218009616133
27beecf4355f410d8469a37ebfddd5c7,405,0,0.13513985941364465
096c7ead9c1f413c9b59339c69cd5ca7,522,0,0.18591990119374513
0a6db3f61299451b8169e4912fe21b38,129,0,0.17827265768755368
d277c803708a4c84912dce16c1716a0a,698,0,0.11079719461292631
d0339eed4a624752a38d631173864d35,110,0,0.16518267610379717
2b2bbdee4b0f422e926d3d650d8a6fb7,189,0,0.1824111489935078
381bf0177e5c47c8941b2cc24c25a283,718,0,0.13133201653397647
004953217c5540a1a154d238592d2a3f,138,0,0.15843693175733953
0c2a9ea492d04456b126b4bf6adc88f3,442,0,0.1609372192619442
920f94cbf38442deb206b4f223564fa4,293,0,0.1726394878329603
a070d9d2381345ca95d7d854a0aba3b5,284,0,0.10574241695535835
5404867564ba4346aa0c686efe534e1c,578,0,0.17968502593813013
b3901c353bd94fb6a04da0c7cb599178,512,0,0.15882982134422885
fe9b0b38855f497096b5a18f63006caa,12,0,0.18041554841368745
9c925ff48c3f4a0cbbcac2dddd7a0011,340,0,0.15037999647190203
122b6b2c1a2042ec8036b96cb95354c7,454,0,0.16787068585499437
ac2a89520306481c8d5d5d48619de7d4,573,0,0.18700151634966689
0d2053d36d494c3fbafb98076c6b8513,136,0,0.1706558666813155
dff469b417854712b5429cfc68c0fef0,752,0,0.14171299780224417
425e94648db34223ab48d9f9a044ba5e,160,0,0.026588890945032917
aaf84ee2a3e64d1fa347588c64e1232b,544,0,0.16451730999124653
da11a841635448eda3c273d3368a6f4b,195,0,0.16580377440923777
0c788144150a4e429ba9f2dba9c75581,325,0,0.1829269042248552
ad67eec6a3fe46c1bbb5276b06e32d53,252,0,0.0946871163461897
3531f1ac2bd843c08cff8e5c581abe9d,191,0,0.16134954985941985
a794ca76ca48405ea4c4ee167b42936a,371,0,0.1754485742614716
e207de86979b494faf60b1e6be8c2f85,256,0,0.14381002908894536
76ab2151babc496593cf2d5f29b8f66c,257,0,0.18497989903782508
d7c8ce33af1f4a37aeb7c53e66f75d68,67,0,0.16783056811876407
3011f4df9a604121b3a62818f31be764,114,0,0.17637455376005395
22a3fb2e570245d6b8f854182b9827b9,441,0,0.17563593312431036
740520f2d02c44479bf0f3c0a43e1cdd,130,0,0.11690264038950915
56d1673f01a3479387c5ba13f7df84d5,759,0,0.15964898326906646
c39814b792914a05b84695ba00f3b8ea,276,0,0.16790809161114295
71e492167e304807b6255828c3e1f5b0,453,0,0.1803851915300672
af0f63f111a84125a35b6f60c2038a5b,122,0,0.1594739864418131
793c3be8ab2b46b1933cc4998475b71d,331,0,0.10782502929207288
5bc0efb3a98a49158d18f1c4a249dbb9,520,0,0.17808328594423217
1072e5e434d547debe092fc859bf1a59,289,0,0.18385461441035417
78f89cfc592a47d39326963953ace921,758,0,0.16462010124808601
ded38a65789e48ce967a42d516dbd867,727,0,0.18179376663302882
9e48a9ccd0f74c1488fe9a3046cfdfb3,442,0,0.10397898572094338
e82e2f4c53444395b9c713d99db40edd,108,0,0.16096025225062477
b0e8a46ef3ce44259ce59844026cb392,582,0,0.17344506615806632
e89dd4a2760044cfb4702133301b3b1c,651,0,0.16797374909383705
14b497a34b9c4ed68b7c1cfd2a36c0a8,458,0,0.14447422658400422
c1841ac362254d60b13444b64057d11b,117,0,0.1753607362238191
25dcbd02130646a1ad0d4461f4eaad3b,579,0,0.1704170052869422
106874b79fac45ee84415c76a37b6314,52,0,0.12001802337025941
14e0cf449737447bbb115bb2f8eaf982,269,0,0.16592472449734064
12e8eb4ac6cf41deb04d6ebdc6b5a91e,4,0,0.11135566270009511
f51cc8de4edd4b79af1a89bf1f3b96d9,80,0,0.06518680430487389
0952274543d5476a9767e3de330c82fb,502,0,0.11968820904403848
6ecd49bde2aa4d51b5f019e528a73afc,23,0,0.16592907602745344
be53b065c7df4acea6107a50edff375d,240,0,0.18444432701101815
f5d908a25a6848a2b206bdf55455ed67,297,0,0.18812490722690722
e8bc8b6c020145b9b4b9aeb73b87cac8,541,0,0.182551116156568
b335c1ab1e744f3d8ce35a8b80c85b56,133,0,0.1553729954088816
32716380c0fb4f6db26abb59afad2cfd,260,0,0.16733866674220427
4adfe6820a9f48949a8b256d061e53aa,582,0,0.16057773785772206
8e7a41ea0d5b444a8dfcac720fae3a7a,557,0,0.05495812839599651
2e2482426ac04ce5872a95480c88f0b0,516,0,0.1811131701173262
80dfe604054d4acf8a614a3199e235d4,224,0,0.08586324737088524
849a9e4c8f624441a1cde62d3a1ddb5c,527,0,0.07614014903625838
dfde5808608e4a43938c040cffc331fd,626,0,0.13361868081520928
7305631c08914f6a8e163e1ec9a551e6,469,0,0.17667071968383358
df5dc0c5b3cd43789964e714e00ace66,545,0,0.14812214704065074
4c103572099142f7b818e47739ae998f,574,0,0.15598590071830026
8bd57a8c3e1f47d485093abfebc534f2,137,0,0.06509967962596597
9213e182dd96467f8215e16437cd102f,82,0,0.15414635544326666
36c0d5c08b494583928dc4520c756181,795,0,0.1811339843024352
43a74fddfc7c4901a974a1523579b125,657,0,0.14942179601227978
16b1a41b41154e568b868cd10684fd4f,760,0,0.035531458328250276
0da9112fcabd42b2a929138c2440d935,434,0,0.037011150518625524
ebce6ca52ce94f0cb6f9bf51bd203942,661,0,0.11155296174362267
477f22a4665649948241f654a89f6cd7,256,0,0.09239630365208806
04d4333da10846cda5ab6a3212b0ac38,18,0,0.07416452087547054
0ec629786ba144589a441f96167a82d5,487,0,0.1788128075322205
77709783a085454994e14c0bb7dfa6c2,192,0,0.16827251699427515
4ecb75c44d7a4a08b3f6becc6db40f2f,136,0,0.1256186885614985
af8dd86e5c624fe98f795696096c9b25,132,0,0.0916038323134647
f8fbc84ffb0a41c6aa7a27a66ce9bb0f,456,0,0.07596187221094308
93c1cef28d3742599cd191d845e79324,533,0,0.18054689257110063
09e59a79a05b43e698bf9d6966c10a8b,288,0,0.16921331234129144
b80b0755af804624a4674aa8bdb753d6,728,0,0.1869480250357603
c97945a447024335927cdf4ecc8a2b19,405,0,0.09666092592398329
7869b93c8a454f31ade83b69b043c028,473,0,0.16837513881324595
876ba8ad375d4770a1a78f62f5e9cc59,608,0,0.1840198886824458
2426e6278a7f4a109976c88d38ad8776,590,0,0.17701714635214633
bad05990a57749d7b28b36207d4a2237,603,0,0.14858625895633415
557ac4970d2c4ae8ab60205de39862e6,654,0,0.08503903714223898
821961efe94e4d60a8e303afbb4dddb5,429,0,0.17496548358854874
dd3281b8d0bc4fd79e8c016ba263db87,69,0,0.1880245278708947
ed649b68e74b41e9920fadcb9091ce87,220,0,0.0663086614274937
f7d2edd32fee496ab2682859664a1657,230,0,0.18223339891794593
feca7edcc06b4ffcb577aec7b69d5ce2,652,0,0.16798005234567093
d4a8c4adfb6940cb918ee7f5fff32b93,729,0,0.16430390291089425
e062827b848346cab3d85d9d189863b3,645,0,0.1834143378327055
ef5a5c96cc254d0aa3e12549a952226b,584,0,0.17404350807803898
e2ea169c3c05442cae30570e3639de88,576,0,0.1716916356323388
2ba68939a17142a5a93dadcb984364ef,87,0,0.18372685937737337
4b17d3b03bc443eb8eded99d929bac76,138,0,0.053255692077316286
4848bc27d78e48bcab8e9df6f0efdc48,760,0,0.15123578198232013
3b1bb838d04b4c5fa1542ff9e9dc816f,404,0,0.18778571663651883
392c9985952b4f8dad42a0231c040b72,600,0,0.16568681949660413
1721238bc7454d70b2432e3e95f715bb,686,0,0.18291236531310434
64a5e309bde84cf0a6e6c48d51bf59ab,1,1,-0.05686352819290175
a83e00b93ec5490a901561abdc6e7919,160,0,0.04605794580628786
dd63d140164548968af92d0d8d5cd2ac,737,0,0.07690130221857638
4fdc67ffc13c415b9d930ef2b52fd9ac,634,0,0.16120652224675164
886b39eebdc345769090b6a3a48a3d2c,467,0,0.1637290041980316
3ba77cf04aa14b938db4cdf57a54a12b,210,0,0.11595839245817074
95947679a4ba441fa9a4142141ef5c21,382,0,0.15530836918929486
f70d8b8403a54ca4afed06dd756c1981,256,0,0.11240662493428971
c4c7371c603b4427b6c875cff3a6d867,493,0,0.17927671609679724
047a76e2a87b4fc38b8bddeb362969ed,725,0,0.165721166246527
3c7f2255e5e1426498522ddb7b90350c,481,0,0.1665174718208992
560cf0e9255d4ded90ef40439d6f1130,642,0,0.15327434703574389
649a599b70754ee78b442b5e500b6917,422,0,0.17341872845239625
13be2af3937340ddaa77d063ee71c084,422,0,0.13760958475898744
dc04d456b346402ab725ae3637580e97,485,0,0.18152734911297402
8d150e967c474743935d92a5616a7f2e,672,0,0.16910087419328013
915ab88f59f845d6bc4a533a59ad9686,356,0,0.02464537256061089
4f1069d44abe4309b8c69c3ea6fb74cd,371,1,-0.001506863719614726
45f885c6e5c7404ebadf79a5b5ab9a63,327,0,0.1542314475073916
012aa88778dc459ea1296d691b58a4b0,668,0,0.08458418155358038
8ed6b67f486d47af873055146968d405,743,0,0.17897206776983332
f31c6972e40145c5af415eb03bb217e2,266,0,0.12092596278705597
5b5d9acb115e470aaf7d8ea913ba36db,414,0,0.1664375300116135
e0d4258d02064c5bbacb4950df4d581a,404,0,0.14541718157325334
38e7ebd72ed7452cb4dbb50996f9353d,261,0,0.0929519902739322
f0669fcd5f8f4652a5a9d2414fcbc14c,344,0,0.11206120068802844
9d8c14fda6844874a6d1f8b11b019a87,667,0,0.15772320286954966
8e664caf9357431b92db430bfbe061e3,120,0,0.18049107328946407
bb82abf170564e6496732068c1d93fff,265,0,0.1837808774689837
89a0c6fe27a642e0be90f96c376f5c14,729,0,0.12929584404245542
05e4d3e34c864f218f492199de0d7297,646,0,0.08984858323579986
9adea05e70ee4034980e6db594d2d0de,163,0,0.17281041059752966
68290ce8242245eea9d354a689f7a212,594,0,0.16205334894205237
c1df3d64ae774e3dae0905fa62003a51,62,0,0.18251542170723367
e4475d7435534e7eb6e085b765abb833,788,0,0.09105853240789624
154c8c56e8fd456fbbf46c578a71daeb,619,0,0.1657126537195059
e099773d47ec4e708963cb71fa534534,720,0,0.06270614923885853
8996fe5083e84c32ae0d0042cb6ed54c,131,0,0.17613071120100887
f7e69ff1699e4841902779f644956ff1,20,0,0.15867482142799688
bad1d7573e3b440aa3d2e259290d49b2,548,0,0.14542600193723448
3d37b81731db431a9bf6084030b798da,709,1,-0.0005088523099178177
85e88fb214f141a183c78db34d112d51,717,0,0.1590488110550634
e6866b44f07c4dc5b49f797578d0c906,361,0,0.14563682383788146
196a55687e094dc785b60c40afdf3624,373,0,0.16833748890115574
ae9c1cf1a7414ed88780147b45ae2272,709,0,0.10132429652746311
64eb45e06eb746d68d9dc122d4d4d851,569,0,0.17480840933926195
1f8d8e7fa1e94bdebe2065fe48068962,5,0,0.17537113373162755
d04a49e09e78440d9aa271b021b09fd0,796,0,0.17702237168714252
04bb7641d3d649e09610f06b014e575e,612,1,-0.021599750418276553
13166b436bd449efb5e88f25cad927c1,420,0,0.055344226467600066
d0c33f01502e46f8ba2841bf3e962629,422,0,0.1374586626420477
57ae03d5e71b451ea60a4d71590e86ae,700,0,0.1757990071392479
5bdf2383395c41ea811911b1cea519ff,125,0,0.08721605965072837
af70172c67c54f0b9373b50a2a6aab91,359,0,0.18567144033681138
3eb3b2a633be4f42bf098cdcd6ddb617,113,0,0.05406654337060457
6174240697264000810c805ab160b904,1,0,0.13692041747598238
03685f3004004d12bace19a6a029c6cd,430,0,0.1674811096632433
593ecca5b778423f86071db415605399,259,0,0.17538248315538413
2eab37656d534207be252ba635b80578,790,0,0.18185061061335145
4cd0cfcbc6834bee8a5743de9939c59b,649,0,0.12770583566224802
8c5cf7bfb6c6487398c15ee92c7525e5,418,0,0.13933685007163443
a812797080324af69e7a0a22ea7eea9d,151,0,0.15778591842023326
370c78dd4477412ab5656f21d015965c,514,0,0.18498981950459525
49d358334e23491f97afe2e85663eaad,496,0,0.18556863225286652
82266ef007eb4445995e8c0cc90db969,51,0,0.17735568729359952
ded5450ed1864bcb982e9b32dec6f178,769,0,0.1013853712191074
4af3189a83b640e7b6b1319d1e91c553,769,0,0.07171126764826641
bcdf339c6a974258a61aacddbf6f62ff,95,0,0.17920479920876164
48eadfd7242d433bbecad8b1edf140cb,237,0,0.17186602112600213
fdcdf5a618d14772bb5079bb1614e3ae,541,0,0.17272395711361505
99b44d2cda244150a909dca547744bfb,119,0,0.147839164899833
e2740b81e87d426f8ce310cf30e47efd,740,0,0.1735847119538741
07345c7fc8f247f282b54d99fbbe5149,578,0,0.17228334636736736
cf7ecdbeffa94b10a890918760cad332,81,0,0.18100652847690302
8f9c5dd7bb4148f7be9b6bb6cd4b1e8b,455,0,0.17556370749688277
1d0d7f0bf6ba4d608c000a50af55f7b6,504,0,0.14531261111841803
ec25776e4b83433a95e663f4f3ba189e,748,0,0.18146328132736883
9295525115f84ea4888e4e22e6d93f56,61,0,0.18769211363720745
564268943f124320a2ff89b06efef240,757,0,0.1787769435652215
19ea9bfe1444443ba93fcb8516057d8e,480,0,0.16958355975643852
2fef97dac4b84b3ea87848dc0efe1c0f,207,0,0.17495402560192402
1192b281f9d74084a5d9ae823ff03aa7,627,0,0.17575189994851487
c126997c679846429cbabe04d91232f3,0,0,0.18049698561397015
d9453f3de2db4c8895ae6e8c6b012636,648,0,0.17777310505118904
4830e10550f74c49bb9ec8d803138808,194,0,0.18247603699419734
37cf7dcd0d9049a3bf2f225cda30ab8e,480,0,0.1565329165657694
920b454039fa4b6faff7107bdfdb25d0,511,0,0.18473393253106124
75c4ed93fde34383983ba4cfff75ab44,409,0,0.15985275520775344
4b0a136d67574934b2aefbf28fd39bfc,791,0,0.16897134843323142
76231b455b4645ee8d5c4a4f88ee7480,364,0,0.17334004962528182
019e9369b2e34672976e88433670e5bc,598,0,0.18170618780732511
10e331b7ea2d4f7bb984c8573603d7c4,652,0,0.1788513038543414
199319c30fd04fc885f69d087daaf61c,566,0,0.11591589302408595
9005d1e92d0b44caba494ed532f7f129,512,0,0.15894061289568717
fba1855e8b174c2bb340898d4b8132e0,205,0,0.18616301941325147
5fb58ae9862b4a4ebf6a39fa3288c6b9,401,0,0.17744216357951786
b03abf509fe3455a9efa75199f08a06b,634,0,0.16999878571322902
c75ff8fb16da4325962857ee13bed10a,714,0,0.1724264075222236
e7ccbb4bc08a4e38944cba76d460ca18,46,0,0.1646950046689301
735d9860b2334f858b4fbffd903dfbda,131,0,0.009838934457801263
d37275f822164e6787001610cdc6f826,533,0,0.1784473195660386
d009029c84fa4044b584261496ba6634,159,0,0.11381733067822453
abf19ef39bb24f5b9f5a462dbd760130,228,0,0.10598249237535967
c7e29d77895a4ac5ae84bfd762fcb032,579,0,0.18031242979244988
9ac19985ce514e3080f7d092383f889c,417,0,0.14558882798937356
b9b2558615bf49cd90f0e1580b3a0c7b,797,0,0.16248719571723136
e7829e0d3ad44a9fa782e0278dbea730,453,0,0.10995671993073741
a32054a570a94df191b2abecc2f2d477,47,0,0.16602331720647373
40c1d431008c41b79c4703e562e0b9c0,364,0,0.0367672577319787
65db4ae16b374e3d97e36bbacc4e99cd,3,0,0.08551231436245588
0b5964e764024de6b6f1aa2056c07cb6,12,0,0.18362512818424787
2e6447d5ad26456bb0904998e158db82,553,0,0.18747510601061623
f701351323864de3853bb0d88cf3b301,216,0,0.1758551360393769
92274088d5c242c4afcdf55ccc9ecc63,60,0,0.16745453133114435
a2cf02926e534e1cad12ac7bce88cdf6,250,0,0.09563470045642009
1236d8885f574e60b3e53193fbd344fe,121,0,0.17358755914153334
a3ae415628f04ab59242e54c86cf7a4c,375,0,0.056844470874281405
30e1616e88c4444db6fd89a4d104ddd3,319,0,0.06814998846670328
1114dc72a7a24e9eaa3d561c30b4d4e0,141,0,0.13314441747902356
9f5b8328fcfa431db394f2e3cb7a0881,698,0,0.16365126509361244
938271a5eb6e4ff5aa8a939889308265,247,0,0.17135081233011917
99415e0e267e4b9e871286234996b4ab,518,0,0.12083307575055391
4c794a3799a348918a3b5cbea5a14876,168,0,0.17449793077131875
1fe5d748f95e46da8d6e12362d7afd97,761,0,0.1883688484712872
5a3c1dd7772e4c5c80c5922146d63b05,266,0,0.09366682160079415
bbef4fb339d34ac68274be8e692003c3,645,0,0.17572458424025017
2e84427a8afa46c9bf5067bdaca8d6de,622,0,0.041634366374989684
ced027fc37f44f2aba60b8c815ab353a,605,0,0.12772774328806213
48b957c92c8c4f39849f13ceca6d3d3a,507,0,0.04409349698557413
1934e97f168042e2a1d8acefa8e3c778,385,0,0.12672625760237344
5be3e37ad35644b5bef27f542eec5b27,458,0,0.17469651588086266
29a911d32608419f8b970cc81f40b0fe,118,0,0.07262218804082932
69976011603642839fc9b983857e12b4,228,0,0.13905195762450479
65114d05e9dc49ec9bbfbdc0cd7da441,301,0,0.16904116859784862
476e5f5f542f446a932d114e3ba2e5a0,373,0,0.004063238674820835
52b050f39aa44b37a8bff98bdd8fd245,418,0,0.08511225203196204
b9e54f578def4d109a6d7e0bba293524,114,0,0.177331404433844
18a477c45bc24bd9a765f9ec63221eff,130,0,0.1791184794799442
363b7dc7323e4b7bb50675ba71eec2b7,510,0,0.18364923021919405
cdf3609d15394919bb009032162e7644,500,0,0.16487324551759597
c88781be27574e2991cf4581d198edeb,663,0,0.1747092095634713
adafa8c609974e8f8ae463812272b670,225,0,0.06028301731461383
a4be6fc95d3f4d738f03f9786526b68e,284,0,0.03750381835782651
b82f2bc767f043b49c690a0a495c6624,268,0,0.1792512024114699
172b5734b2394c82a49b39abb3a8c6ac,290,0,0.18682331836890642
57eac70e3c3e4c2c8afc37952a204a1e,648,0,0.14723135901914441
5735ecd7908b49ee92adcd693b070a55,745,0,0.17488773859999052
454e58e84d7d42d39863b231d574548f,747,0,0.11860988424271818
abb6b074623446c9b0fcdc8c6a4a772e,496,0,0.08666615616464912
66b9d67214f54a2c8f3fdd35fee0cbd1,560,0,0.1802588605490723
90e525f996354c7a99f33ee0fe6bc278,333,0,0.16695206842112786
a66f38b1ee9d4d2a9c2df998b17e8625,426,0,0.18581104764008066
34789544efb1440b863e27ee6acbe547,123,0,0.16716083473937332
80c627c4617848a9a637102454515ca9,276,0,0.18434042505106601
6f27b9a91f2241728a8f0aa403f161ab,394,0,0.16765859960633622
bb7e445833b94cfd94927debc2f58935,125,0,0.023560731760691678
f971a37d09c946db995a02129fa83bf1,643,0,0.15943734895678152
08f236ffb0d64cacb58132b11f21ffd2,522,0,0.1547698751014538
5f87bfdd538343fdad3f1e3df04d4386,192,0,0.18172527879591066
29bb36c4d5b947a6b457010df0424dac,633,0,0.15436820138102886
ac460231757f4224a5c1e7b155be11f7,254,0,0.1772669746231587
d20e3327875d40ea93cbf8b2a6867323,158,0,0.18372902722206685
bb8bcbd1c1854428a2721fecd16e7d20,738,0,0.15955198684655625
3d52025c4535494c98ea5b8b095ee2fe,649,0,0.08920543903376571
3e0a04ab81df4eebb84307660a3312f3,457,0,0.1724868970131318
9cce13dcd1b9435cb85a4f73fe5d1564,702,0,0.1837541129980994
e664ea38e9f74982854d727abd23b386,652,0,0.0919899419913941
f201f161830845fe80676455dc45d86b,745,0,0.06538307507997015
ad3001c44f4044c182264690012eeb6d,618,0,0.1713581003053231
46d7f2e3714243cda211f377b81c981d,414,0,0.18033443255245396
c3b5093c678b4207b35123165bf6989e,191,0,0.18047154496206536
ded8bf680ede4638bdb9abb6f2a20bf5,730,0,0.1790243108668496
73df473b02a94aa4bc57568412363aac,212,0,0.16524769151557117
9c74ff7e06e245e1af9b4825e87a0e55,550,0,0.17395614639561963
2e4a259cc3f04f409805a3d8db496023,541,0,0.07904501189119273
0f18e6374f0b4960970c69367bab57af,374,0,0.13281922744694785
41be4ba2301948aa9c82ea6b0dbd02d2,684,0,0.16932006215783835
19e7e150500146b284678d3d8ba0aa3e,496,0,0.108748440040068
cdd9029753c0436ab8fe896edea1ecbc,86,0,0.015285333437919713
a8b5eab7cbd848d18d4f6cc7607b0422,406,0,0.1837810539973539
4318e59244b54f10b096fbfca651780b,146,0,0.10039808207919648
c9575ebe617441c0af39b2926086a9ac,148,0,0.16430448257538982
401a9385659f42029175df395dca4c41,149,0,0.15188300892326767
31a391f5a58d4721a2fab233a699c96e,794,0,0.15990119176572248
5015cd79df414bc786ef8b203d914220,66,0,0.159824494614828
7648464543524339a62e8597dc35c25a,491,0,0.1472900892961267
364fbd6162484b359e27cb9ff6e61380,18,0,0.1698452598664813
658502628d5e422f8953440ec345bdc1,657,0,0.18918690032658086
5f63df4ef5d94e5c8f04a8399720ff55,383,0,0.18113368765314986
de27ac54ae964d0b8442ae21beff8732,781,0,0.1469674709218186
178a78572d3f4348912278a6443062b5,297,0,0.17795671570176202
3c2fcf454f5444589a381e75e77a5f6f,202,0,0.08076685689326213
eb4dd4941d274767b3bf68bdf0a19ea2,158,0,0.15538141558438473
d9fdba3a8ca74674bbc5825c61abaaed,667,0,0.1616522934077806
5f52827f7a7a4182bf47c2dcd095b749,668,0,0.07716905262126544
d71be3bea0874f71ba3f6ccf5273d172,545,0,0.1574911977774242
7d79ae6956004eb1b47eb7348b3eae4a,610,0,0.10339576225464092
bdbd5c82f2db4c4db5f1786b76183ecd,695,0,0.18167297248310166
8bd6318de19342c7a109ec4080851141,606,0,0.15488612679091668
dcbd61ca3bae4eacb75af6b33854386b,789,0,0.18014257037580206
6d2d2bec6ad94fe3bd46d8482056d3b9,53,0,0.13479870288401452
dbbc5f9a2f784abaa3f6e48150c30aa9,177,0,0.16114796584804358
1e1f904996314e8793048d8c06486d05,420,0,0.09235951744236937
8d615ac0a6a24257870186c42c8a68c5,653,0,0.1875334554542184
3d2141086b884afba8fed009e15a28cc,344,0,0.10152782608360061
238afd070b81438e91e2320f5e361288,759,0,0.16208406446323848
fbcb847c2a914ed693dc8a51710d1fe1,55,0,0.1781317807340133
1c06becbd5a14a2c8552ab6b87dc1694,645,0,0.11247745196016623
ed5c8bf7d6d146719a8cdba197e9d745,118,0,0.011263964212859245
0726c5234bd7498ba90229fa7537cf7f,632,0,0.18283350317040298
386b7c3d0d08471b85161063e4bca41d,445,0,0.17151839430577726
c4703f138bbc44d79771bd5baa2c8924,55,0,0.12626340074173886
bb24002c598e4c00b4d4a1c13cac2639,761,0,0.12012603121109733
40a5bab7ec2441d69ecb4c0456477065,232,0,0.06853484956894201
6694c82f287b453fb5fceaf9e3879e44,87,0,0.18360957058331362
552fc485423c4cf3941b1f352189f162,302,0,0.15490022766712125
4eaef0fb5a734edc963fa75a19755cdd,112,0,0.18427659026828985
766f388a10b54e9da3aaedd63a014493,377,0,0.17558217220520322
740cfc55cdda459c9729b176ebda1b8c,539,0,0.18580781291355142
1631c44923e74ff2884b4e2dde98c2a6,55,0,0.14411011498150772
18d195f6078f4f84a4aa747bae0fc59a,301,0,0.04402147366832321
c79bd57307964034801e6a2ae3a613ae,294,0,0.18448962420362897
7ff853b67b6d4434b632abe15ec767b4,482,0,0.019900252775556404
8d3b447a1e1244eea1d33009dfc4987e,698,0,0.15306674291142464
2a2d2115ea02499e92cd7043f9905a30,693,0,0.18343276770617162
b267d5e40600450caaed4b08f364fd4c,323,0,0.09141053669841709
9b9ebe80aab7477d9905749ac740953a,567,0,0.043096361367589875
eec89d52592a458aaa7432b119d84242,68,0,0.18206985587807512
9ee1dbe0d8c94bf991b63ef0c3681987,299,0,0.11021323856438581
92c9495ca46c429191fb1bf19be4dae6,312,0,0.17065623270393943
1ec268fe79b745e887928a09919c2353,731,0,0.15731550178977532
41abfd381c224a74b6b85fe16ee0de7b,555,0,0.1826749929570362
1d42b17bbfe3420cb3df14387209e78e,125,0,0.012133526249109128
0190c1355b364733ae56aa42159a65dd,91,0,0.10034671097077119
2c24d2af761f4d09b0e04e2a922d5888,37,0,0.11290949464229466
ce42b595e6fd42fa92dd7faea3e103cb,226,0,0.06821361048423197
f77abfedf13449d8ad7453f7cbbccb65,465,0,0.07891484693730672
f06aa19dc1f44fed9b7063a33c98b7d2,583,0,0.14427012209598572
42d332f4cf5a4cb78f743d4c1c68bf44,566,0,0.0698543905338837
74d1a8ebb5e343be9ea9372e63cd608c,431,0,0.16313733191231766
8f8eb7ad04db4f5182e17e779a935a65,298,0,0.16879035333668052
3b15a7bf118f4835a77b5d8b5c0e866f,770,0,0.17444444099427237
b2dfe413c236401d8c7433f9a7935390,523,0,0.17927142726177447
ee8ec5b97f3a4e51a3e85e49af9e2387,611,0,0.1782484703147928
08646f25996b4877b643b5efae79c0e5,628,0,0.15733221437671602
343ebc441c7e468084514b2f6ff2e9e0,326,0,0.17958924779124957
fc6429472636410b819a01c466c8760e,332,0,0.026828707575149713
0712f6ef42e2470292af393a712917a5,322,0,0.10112789513027726
9646746f74894befa878b384e5e62ae6,294,0,0.0786240876691981
350d26ef54784c779ba57b61a2a7578b,247,0,0.17204154865174937
5932298f91dc469eb7268cf0a2ced53a,612,1,-0.0663007241947724
5782db27ce004157b043c6d0dac16ce9,590,0,0.1800868917058976
7df4f01d38a94c42bf308eeedaad744e,384,0,0.1436630259072998
457d347f06b64a87a73aef5abe2e5393,712,0,0.16453985170732804
7f591276366b4870b5e4fd12972300e6,290,0,0.1844191252322661
557f202590064958abd42abb1182f822,718,0,0.12284899117481202
7d2ffc9ef04f4fe1b4047d82dc3b5740,617,0,0.17560717644047286
f0dccdf9f2734f4589736203b996a8d4,790,0,0.17442837858170573
7b9976bb5242404fbdeffb5753addf7e,719,0,0.1445382929772322
1f6a733b44894bbe8affcac1975e6666,577,0,0.15624930929422987
b75cb081069b4c8fbd12fec0f9c11872,530,0,0.08681329592397063
4ce97ccdaf1145be91d11e2817b89f31,659,0,0.175140633129928
b88794443bc340ca843504718d42bf72,335,0,0.17106491223945874
30f0b33546f84cb0851ac8913e3e2efc,358,0,0.09146206341564167
7bf7e2dad24b4befa97b9dafd0463cda,457,0,0.0936191382787599
aff2a4de4c4742308774a378f9c3379a,406,0,0.07750394652828574
ddd3627c22b64e329e8d91ba7fa92eb3,706,0,0.17274354647267426
7b38cfa6ba9a4666bdb758c0b2199d82,390,0,0.1770401697801952
de759ff1630646bcbf917b2c9d31cbf3,626,0,0.024000208023564396
7b5fc3fef13e41f3b3089713dc197723,55,0,0.10072865977032447
f58c6fd8fe16411f8ef346df8f948106,153,0,0.17940066726027265
1cd337e284414348b1632b93433f8ef3,340,0,0.17450765864215667
ba23714d637242e986cd978f1ec29c4c,247,0,0.16471021287503274
f22b4c9ac8b3435db8e3973af9b78fea,510,0,0.17690479238098816
790f6a56aa3f4fc7ab6042805cc4bbcd,219,0,0.08970794541571936
082bdbf2e0094aeda7659e2633334c68,434,0,0.12075825165766846
19c6bf1a93124eccb0f9949d15e73943,194,0,0.1829321037953997
5bd0ec4a5e904192a4535faa4105cf97,193,0,0.17206935766151804
c74acdb6656a41ae84d2ba48c3448c07,692,0,0.18283823081283046
8b2f03d7ac91413c96ed805cb38fb28a,258,0,0.10296478091276923
839e5b52c0f64fb699d973bc1901f5db,114,0,0.17804898331064478
d1f9a4fc63c84d70a8a1bea92335ae5e,337,0,0.10200788988004456
76e10a7e3a26479baf5be604b434f087,367,0,0.1674456888737687
43e405e90a914333b78f575dbae2f3c0,622,0,0.04194138479274784
ca24bb168e3d4240b378385cee5009b7,186,0,0.17904350485891646
29c633774b74444fafc926e5a888b154,73,0,0.15453557922097516
a44d6097bf80469493f68c11c2f3e8bc,109,0,0.0855468065573129
898a6198fd44467aaa140121b5de669c,266,0,0.009313430081068108
155cd2eed81b48c894047c2f5d639f76,749,0,0.17869965331192217
549a217c402b4faca7489fd1e2b2539c,746,0,0.17622755084423158
89ed07edeff54de68ec6543bbb9f68a1,34,0,0.171866710568998
9745cb16d9664582977cbc4a8a6b71e4,720,0,0.16514011342110907
d76ff16c78ea4c3dab9b683fb2fe6c85,539,0,0.06348104286986178
61d88e3131df4eb792b863cd1d41e5ef,491,0,0.1707837154179686
2a9e59c3708e45fbad12873ee9ba9851,434,0,0.13336589568701618
85a4eebfdc5f4282a5accf21b60bdf99,665,0,0.17950376634068543
957a58e228e248aebdbf0c82d59ef8be,457,0,0.15000432280581033
855a38aa09d0473ea283a33c077236f4,459,0,0.181881170187856
0d5d3558c47c437da4a1e39046eea7fa,454,0,0.17549326041904806
971a6d845146450fa4f17e7112c33310,236,0,0.17177990837431256
c3207bbf9d9841b9a3c5027e98c39889,62,0,0.18252420441133094
5a268abffd964b6c8e25e7267f443cb2,313,1,-0.02395085029101851
0f7e5524d93f464fb4e0939ad6d029f8,499,0,0.16020002298795277
63a2459f45f94184b1fe14d1ff036cce,364,0,0.18752514225106381
7b48a669285c4591b93a803f8fb02ad6,209,1,-0.00042451858343839355
f6e8518fd11e4ed88310d087ea4843b6,183,0,0.18838225860611124
210db92302bf474e930f36047752d755,59,0,0.07395974632981361
d476f3be176f4492ad443614cf8712d1,348,0,0.16693227689169404
d22915ba56714e069f2748b473e2b215,436,0,0.11840314495356252
4b3110d6700f4951af072717de5dc2d0,761,0,0.1867031294820392
6104d95cd99c47afa6d039e4e0ced05b,697,0,0.10103964110325159
dac3dd9db6a14bf290bd8137c2ce96c0,70,0,0.16762709901868317
c5cd120ec56445ac87c9b62d1d655724,604,0,0.15742929239410097
fb1fbe61bb70416d8bdfc343694bb75a,701,0,0.18325875058729918
f8fc00f026cd4e6e8d8ee0492c5ddc54,477,0,0.1516605004083716
0fc6a389c89a40a68867362b1902a284,216,0,0.16329648965752708
878f6c161972467cb2c91ee4be43c8c4,52,0,0.14925839240016248
e2094e9fb5b64b9094d95db360177043,132,0,0.17186851722187108
aceb7aaa6350417b8f51cdab7e1e68ce,276,0,0.1853802266254051
af3ce34844ba4c18b7ef327d78d1b260,441,0,0.17473428772541993
40a663af14544405a9be97557f3d634d,137,0,0.16246578968168313
a29146a8e8dd4d0d8f72633554d0d2e4,224,0,0.1847549114409126
951e80e95b0a4a2c87968f3430ec31b2,132,0,0.1299606279373502
8a61330c80cd471ba9140a5074d5825c,765,0,0.18200792387759912
243efcb592d044788ee89a46cda12b25,712,0,0.0856384602734167
cff3738d9fda447c9b9d630ab9716874,550,0,0.09742262895804926
70536dfbcc404d3aa99f2fe0e69c0d79,329,0,0.15889082832121182
8d5d2e091eb24c6e9cd3daf3983372e7,713,0,0.16306715577862985
8d67ea4a9f784105818b271580d00869,269,0,0.1589234792126039
b512225ba235471682a789afcde8c2cd,378,0,0.08585323726375538
3322cf5a2a75402b9de0aab42a5f0768,287,0,0.1053950939216372
936853cfd7674c52bd74946dbf7ce3df,695,0,0.0295013291737109
9d710ece10dc4b0eb24b9339b2c1125b,34,0,0.13983539272647322
fa90f88b49604ebc84b261698fde323e,645,0,0.17038691374749704
3224c554a9d84319aa4d5563c6f1693e,278,0,0.09777870256143739
2b846ee40674427c99ac58b294a50a47,422,0,0.09842606505235801
a8a360b0074a409caac227ce22b56133,216,0,0.055576187001694255
87cb5d459bc645ba9eec90054bd74122,137,0,0.1377409199636352
dc3f4ea1db63419db564d62d39ed092d,197,0,0.04816299556408499
7700a35edd2b406d8b5729e62916871d,91,0,0.09801474558254886
3bc9ea15693045d388735f2d2fe8cd4d,393,0,0.07632298820179545
369a9b7af1a744288bd780aad828a4b9,120,0,0.1751268180421754
73707c7c174f486d8c17f044f9a0b6ca,72,0,0.16555408262400706
719ee77843dd4be5a94d7d8dfd3d81c7,281,0,0.17216572432348182
4c396a6cd89b468e97e283482ae5602d,739,0,0.16653886851218086
bb3b5eeaeb6243b786363094833c6c0d,40,0,0.17177078595454703
e14a7a93b27f41678f6508185a8babce,717,0,0.1763795846720828
4402eb330a9e41a78fed051eb35bbcbc,166,0,0.1608371796912486
ef8100f3c0bc4055bea9ee38c42e04c2,260,0,0.15956470926921396
3d25e2c7920742f5bb1a70e2bd90cdb8,374,0,0.09823511906554011
cf0cbaaf7b7841ebbe3f56775ac5db77,680,0,0.17888337943746369
3d3ba6fde2b44ac0aa42ae69ece327c0,90,0,0.09229931398327534
5729530ec6294b2bb83cef440d1fe6fd,278,0,0.15038718770943782
627b5a72d1b0471b8f1b091655c59694,504,0,0.17003828376231117
1cb8858920744db39497c85e23da45c6,272,0,0.13907871370771813
67fb775abd4e4fe38fb1ab771d683a6d,589,0,0.1660567970365447
26d5330da8ba4502b7cff74ca1508419,557,0,0.13143827223154542
fd04d420f0844d38a0ef17eb317e76d6,593,0,0.18331642217850913
92cd9b2150544338983432c40cd7d039,515,0,0.18074604073314093
3964aebe359a4eeb8473b5177dbe0811,769,0,0.14157353869835526
788cfe42318d4a2f9becb5a42f7e2663,210,0,0.18757120343259198
4faa4709a48d4a0787447a469d584801,151,0,0.1429767725167892
0ec2ef7b8a7a41b4976b8587a7b6b2a3,125,0,0.06864342702817172
de9a1cae168243728881b9c9372b8585,409,0,0.17555303914946158
99a114b67f0e4741ada9a8be161cacee,350,0,0.08399641152247289
f85194acaa564e18a7d7841384b486ab,15,0,0.18770876823292443
12ae966c2aa54b969663285fb72238e0,458,0,0.0736056882647857
76f7346697eb45d7b9f97f741b420f2e,751,0,0.18283326019591223
0035df084a8b4a8280f872e6223de29c,425,0,0.14403146527653043
8c5b8f56ef0a406ea44a328ca66494f2,456,0,0.17728972492550416
110e1233718844f485948c9d7047ee4d,278,0,0.13567088005366457
db8d3f68f973419fa6e545b042226db0,18,0,0.18606869086577432
dd2f8b0fb7c342b58058495595328dc9,262,0,0.06285832115499729
9b14d0443f9f434a838b9b3ee8668bf2,135,0,0.12574714698102135
dd1f65846123482bb1560c62263b53c1,273,0,0.13736823463738662
e0bbe6471b314b85bde7b633aca32d97,750,0,0.17839692862461537
4e185d1d81744f22894ddc7e21d9f144,770,0,0.17791849577623609
34bdb681de364510a633c153f60b714e,278,0,0.13580185636436215
f2c4a726c019451ea62caeb89788793e,341,0,0.1721368837000381
fb0f7d530b23428a9347aa80518c541d,133,0,0.18430185874035138
e2208ead8ac1423ca78ac2edbf28e570,734,0,0.17124487714090658
0e630dc153de4354ba157c7c5f3c9059,240,0,0.17579315494908154
6c89d302e5dc4d8f85dbda6fbb7b217c,651,0,0.18155173497035854
5a61633f77d34009b8bbdaa1be5c6c41,313,1,-0.13219281630626756
484b203eb2fe430786f58d15f679da3d,708,0,0.041871525139375254
3999ec69e0ae41dfb12563a756bdffd8,407,0,0.15867055675079555
64532690880f41fc8d0a5081dcc6e285,507,0,0.03757055771919493
7831fd8809764b2bb338f569302ad386,108,0,0.033803782979397956
c6f49b396ea0484d852dec51f9bec209,398,0,0.10081556836550881
70c6b7543d744fd08b1f43c6b7e39d70,22,0,0.1879314188414718
cf90ad99641c4522936d124bcbbbe3de,351,0,0.14541512875422546
87e42b1b483c48b4be667031996a5eea,620,0,0.18015258525578903
a135603ef6e049569a04bd42456c27af,491,0,0.15320227109476386
4de6af3045a540c59657d930f0dd3c8b,685,0,0.1570296719623243
8e577a6007544722857ca38d6aefb08e,237,0,0.18326352922205513
ae6227909e144bb49229edc83094ee8e,92,0,0.16833177620883238
69b7201dbe5045fb9d0476f6169a539a,120,0,0.13244903189170482
6142bdf253e342e0a717c7d7000050c8,269,0,0.10153619142931558
2c9a9d40749a447c828da47e074847d6,159,0,0.15571583742353723
ffed6c138b3549a6ac041246010360dc,365,0,0.13093914018019515
2a035f8c5dcc4cfd970802151729f9f8,617,0,0.17178660607570034
79ee548236b44429870c7950c5b66feb,593,1,-0.007073595948508538
278b951f112747c6a5bfade3ae5f43eb,692,0,0.09842767730364133
0dc1de695789494197b9bf11c7fbfa5b,642,0,0.1699772066265055
cbdda627b87e448f89206756e5e1864d,486,0,0.09132798554369825
4aea63891d6646b98fa5631c668744fb,76,0,0.1571456755939425
0b7f9a22683d47a1a51fad829433fa4d,337,0,0.18277935237284992
a08f37eb23f04bf393ccb4f242631b62,149,0,0.18357404786602322
e41dca55cab94988be6f6889da81392d,523,0,0.16487217297188478
957bdc0e561f48bab669223b245d7d4e,472,0,0.15522581974992145
f34a66b178da4ef4bf609ea9ef694863,751,1,-0.07216392473071809
d8dc10833b2f476db5bc03507f264c31,169,0,0.17938732196711038
a67d935de2304ae7a871ab428f25c11c,551,0,0.16672928562235528
826aaef3fada4771ab248d7211642b69,453,0,0.1797194538509005
c483dfc736d44ec2becbee763f042a82,390,0,0.17289331572838995
276fc0a038b74f1d997793216a9a7fd5,324,0,0.18440705522064194
33618787a9ba4bce8d4d4bc2895d6c64,144,0,0.17744163224306997
970761da016b4e8b92fe6d32aa46370e,794,0,0.17413459169733925
4ba8e96dc4f04c5a9370c098339e5b55,467,0,0.18346401725669959
cb65b1faac344bd280e6b5e1e269fe78,541,0,0.1778311905235686
571dfa4fa98d41c881df4ba1adbd88a6,214,0,0.17270202982806004
58af9ec3f56f425fbb216d11ca77e4aa,116,0,0.15981864869510598
e8d70c93033b4c57981ba4257a5cec10,453,0,0.1552358810756923
492e121f209546b88544522ecb991c17,711,0,0.15749214733746258
9f017f0a8dd3494c99db75f3e9d98e50,709,0,0.11375480710477204
95cc56962a4b48dfb69d95ea787b3b35,455,0,0.08566877463146749
bc9ceeb67b024978ae4be72314ba88ae,648,0,0.17797454473755792
0fdc5750430847afb403e146632ce92d,160,0,0.15778599431554546
4c7b815ab63c4c0880c62f773c1513cf,743,0,0.15279828295300224
6391ee6b132a4791954088b6aa375b20,425,0,0.0977562472818983
194e592dc687438aaf649e4cf9a6828c,709,0,0.08249464811217244
238101b275ee4b97af022c8be7ee3b3c,87,0,0.18482085465257903
22dab5a1a0f24443af165f4dce3e65d2,739,0,0.1394319347826175
cd54e0b535f94c428ab6d086a16f8345,248,0,0.14977541767399477
28a1aae9a02d4407b55d872a0b221810,335,0,0.02792477116761799
fab79569d1d142ae9c769657c2679cbb,614,0,0.09008519162019074
148d407922b646f0ae14e9ea214833be,514,0,0.1799481348581558
b7aa8bffde74456482d8804e1a144576,358,0,0.17812328006806905
3fe3f327d66f4913bc53fc12578b13cf,410,0,0.1419272383335516
58b0409dddc1439b86d718a2c9a61ce9,269,0,0.14550857979334925
6a5eb83e28644e958b94571de83ddde9,746,0,0.08099398743270397
8782801519804d5c90d00697d150715a,163,0,0.16642078375897074
a5cbd223b15c4bc98091ab997f59a807,569,0,0.18465859190813144
01483f430adb432fba69c965be6ac39b,277,0,0.16868138200654842
3c5c9609ec63475cb8e7335ef5f5830b,140,0,0.17521369913875456
c53c9852973c4a1fa89ec5ff69a78f98,505,0,0.18548716447336927
6ed9151cf68d48dabc048c2711dca2bd,685,0,0.10327601663928859
e27c1d86211d4675b57c4af1aae62051,522,0,0.17251281058799905
7d9db0c168a84ca9852289110590f968,260,0,0.15129778601384264
48fb168ca1d04739816c0ed74890045e,391,0,0.13839353005148536
4be72a457acd440ba7c86fa8f70e22e3,48,0,0.17467319298396455
0d8e647fecea4ce8914ae6b00d92c15c,85,0,0.17152079895630518
5b979b2652a14d48b921149f10d1387b,82,0,0.16906411812165895
128f107db51f46b5b36d195bbd06d3f8,113,0,0.026185330405083806
3cb8b53ae43244a2a064b94a4d676d50,459,0,0.04378457470184349
47cf7f4d416d43e3b9a361ce54c61b0a,467,0,0.008482202346549839
b1882bdefbbc40dd858d85ef06f42fc6,46,0,0.08658271755179198
4d1da8d5eb6f4e719a6a809ae7bc3c35,163,0,0.1543221760151589
1467ec72783a45608ded023a757ea6ca,600,0,0.1710274557686805
10dd0e69c7cb4d3c9a25606d672e1adc,154,0,0.17811432953691575
b285ab78c3714622b6a1849d21a58a73,474,0,0.15288308180201388
c8b9bac5ef484d27aadae3695c66aed4,536,0,0.18011407419981657
67f1cae818e342a68c9c37ac2ec34d4b,607,0,0.17463317861485217
c4abc5f36c1741d786b9dc83499ab8d2,476,0,0.174191030221087
01231470a9614f9dbed3bcf120c9fc4f,546,0,0.14345435551578245
e5df01e026ec4fad9960c4f6d9a06444,221,0,0.11862029445343619
1ff178e0527149efa67db6fdd6981873,413,0,0.1569157809630956
d0d20879c9744518a3d4c0b5538befe2,78,0,0.17467716678461043
1900772d68bb4483a78b2c31f5dec177,355,0,0.16114234975783998
d567a2b9b17e4a3593839a77abe71853,395,0,0.1728713320949628
838d7092d7b34d138ad76a760f79ae99,384,0,0.15039124637132373
167983e055eb43f5ac4531bfc5a29bef,151,0,0.15162501753950391
d164ab36631d4c40a36afdcab3d98f4c,20,0,0.115762296730065
6f422fef09ea4d54aa065d00f56fec2e,474,0,0.055341188627957894
6c70bb13bf5a4b82a2b09245d90697df,99,0,0.17597305386926726
14002205a85f418bb3cb20b1f2286462,294,0,0.06474726894682342
1b742d9b35f6426991538aa181d67849,447,0,0.18141987866972287
75fab50497c241fb9a65374ea9abe46c,718,0,0.10941709210084033
1aa07b78d50f475d8ca7de649a445966,725,0,0.15047780155852608
60da8989d86b485f82fbd28999822e8d,578,0,0.18561058570439787
37fbc2fa6842445baea9a353bb68b4da,638,0,0.049919184007550244
2f1fdb895cc648b7ba3f27409b26fd33,322,0,0.16923291548005936
4a78b3ea7b94435db17f91e8cb34da99,15,0,0.17711491813903213
f36007ce94bb4b87b10f4059b33b5c77,786,0,0.12018039588755114
59e46bfe4ce64c15b0fc61877fb14d31,638,0,0.10901819699142373
2741801d3d2641a5b056f396df98810b,493,0,0.18879633882513913
0617bb0d14a1466696d8803c23843750,554,0,0.11351472830572007
e33d2d9ab5a84c62ab0d4695a7ebd6d4,168,0,0.17578085123632364
1d15c3dbd8a144f8b27686b004f574db,322,0,0.1761392430309387
6222aca2d6664b78a29709aab3ad53f1,193,0,0.15179743133032586
639ac9dca6ee4d199d83f382c60bb6aa,370,0,0.1749304825057889
cbfa46a096f44bc5917b91828bc023b0,273,0,0.12070081428488438
7063141073cd42628c6bdf85829e2295,3,0,0.08896401419782474
0e88c839398a4c55b39428607be33272,382,0,0.14715294227129522
b65415f35b144a36b7074bd299096ceb,217,0,0.1787277214334137
54ad24263744438c909e2309bef98546,148,0,0.18441589384875345
e538be28d83e47ceb30f1cd38d87e772,580,0,0.16590082307214266
b1c549eb209e4d5591af4a01f3dbe81c,46,0,0.052466330143398465
8fea9808f8df4710ab25ca55b2651bde,210,0,0.17764217625526613
055e230efc2249ef947ad424bfea520b,320,0,0.18434190970658298
998d12834e3247659c1288a6c2c03bb6,756,0,0.07538912926858155
2b70635e7e4b41b1bb5688dec5952b18,430,0,0.1691590703244102
33f135828cf443e6a9703dc795e7cc48,556,0,0.15166760147244218
0f669061cced4f6c8a686fcdaba17e96,563,0,0.17486736266755565
4cea15aa37d04f3883947378f5e0c49f,689,0,0.024176804209638025
6d18250aacc44347aa052d91d6f87711,227,0,0.18462786597253444
f761fb946b564aba9a2aec9266da81f8,332,0,0.1803029304084885
cbc87d395b4145eb8f549e0e779a9c2e,507,0,0.17281234886146024
162a8dd5cade43da9a1c8f890231e91c,388,0,0.17350632822354478
fedea5a4f3e044c493238c1798454aa5,156,0,0.13195210826825543
a1994dad67324da6848e73528e226714,751,0,0.01565201702825436
fb59395d83614935a4e33eb88ecacd91,471,0,0.11619074746670965
58d7354d7b1c47ce863d064ea927e9a2,555,0,0.18921170195563153
32a2588ae81445878efacc28f552f8e8,423,0,0.16567760925801156
d4bd8af1ea0e405c8de1201ada03c8a9,517,0,0.16195137005976357
85fcc4dcd8df404187ec5905af2e7572,163,0,0.09329943794451129
9f73883f8c5843f2b95c5f0518c8cada,23,0,0.1705036497577201
411f737df9a14272908b79eae6d16b6b,160,0,0.09447434509394337
13ca20e26177428e96fbfab3b1f6356d,453,0,0.0610245244436145
794f021d1922416a8724293699e3867a,217,0,0.1162344165128974
6fd7b523fc8a449092c7a77e5297af39,354,0,0.11294401996374931
5e766c03a77a482aa621e3310b0c8c82,466,0,0.1556363041096649
66f98c41415f460297b6d21aa1a06999,546,0,0.11423675292151053
8fa5d4c7c3e846cd8008c08d8638f4f9,325,0,0.16639964786030936
77d7c4df5631451b81c50e04d1a755f8,138,0,0.16945952739559367
784a638ddae54297bcdf6d18439cfb0b,686,0,0.15686405684656202
ab9182df968645a49b892d9888d77c18,765,0,0.17440354662581864
346956efff5142ebb017da9af2d375ba,655,0,0.18299396144239216
58d7192656ff489d8c41ed22ae9e9a28,655,0,0.15522486715030537
311bba098acd45c6915ca143594a0a43,719,0,0.17474065110668136
94f98017528f4b73b4e70e0bdf634079,794,0,0.18757396941363375
8e0e5c923f2949679a274fd7396070b9,428,1,-0.027827829381958047
95e642776e534c2c82f2a38860e3ada0,327,0,0.09030504898024644
8cd7f89bcaaf4a46bd1ec21aece95959,731,0,0.15345933166630193
f26e778cf0cd4aa9bfab2ce7d55abc31,489,0,0.09513169768406465
e0c050901ce8498ea9db13721c293157,608,0,0.04418529038891483
dd1e51e42c054f45afa963708fa6dfaa,445,0,0.1808604955739075
8c26470a8e5a4e9baef32a02f76842ae,451,0,0.16983541288104542
564e1131615b4c9886a93d31afd9844d,117,0,0.09511913500136165
5a8cbadf3235425185975a828446155b,614,0,0.056729377280411164
d3f9a50ac4a944569ca02cae3d4b8f57,465,0,0.1739540735615941
03e7fb9ef3e14689bd1cdbd5687523f9,474,0,0.09829128238314866
d39c424b2f2b424080968fce84dcfaef,44,0,0.17694874982993208
021ff169407d45e082a97ca1629097fa,138,0,0.1573145775439626
b02dee2b00d146d68e350429c5d9136a,399,0,0.1738544766872956
026a8ce5475246d5b27df4c660a4e225,664,0,0.1699351381390654
f2b94f55fe834c09a14c1df83dce5486,441,0,0.16972266979074913
414370975cec454598483f4c50ba3aa0,319,0,0.18488121750425257
1b738e28247c4e38974bff3227cfab06,790,0,0.17352715774922545
eb03b961390e42768a175b1819690959,641,0,0.16176325418320364
5670ad1860704389ab7b09389074d4bb,747,0,0.18392102446531627
d844ddf9560948be8da7063900bf63e5,399,0,0.16468198984015875
f086162bfdca4605b8b1b59f6e833e84,77,0,0.09879678374445938
cefebee136bb48d5b631742138057e21,48,0,0.18232302308049264
272ed90fbe1a4862875d9068ef627c3b,39,0,0.16713463087503488
371fd941cbf64d03a8b8479d0b958f6e,409,0,0.1709269157670278
aff22e15190b4cfabcd87301e1ec857f,160,0,0.10156431549626821
0a6ab96c1e3c44beb0d17d8dc06a4440,185,0,0.1784015024970268
28d3d1f284ca48c7866a4f9ff4f634c1,563,0,0.1292497383361383
ca1ea8cdfff9470c8dfdf767840f950d,511,0,0.164879083654156
2f0fb519b90f4ea3a9dac57e89394cc1,382,0,0.05235347278426927
7308d006e0a245ea9de3b6ef226165d5,46,0,0.12398713976039244
c8d3e78ff402466ea04ce1af0311e7b7,413,0,0.1484350539595684
d306552c8f554b289b259a33acfbb60d,218,0,0.1543426793678911
59b485243cba492a8330c8f3f9427614,34,0,0.10195463795872312
9d394d95f2e74a879ac46e2d26e1349d,469,0,0.1861073453851918
bc9bcf27537c446a95c69e581e79b68b,589,0,0.16982618257085602
3bdf4217d8464cc5a1f470282238abf3,702,0,0.17098319516756316
cf21aa5d9672432a97c3b966a05565b2,511,0,0.15666232149744913
31a0278b5d364104915c37abc4ee636c,83,0,0.09715927406916136
f5abc855fb9747368d52aba4a4cc5454,717,0,0.11749375916542099
5d3bf912af294109ba3c03fe25588ed8,738,0,0.13891021753500282
001194a09f6a40fa9a3913c1c14c8dba,324,0,0.18175940650762262
54f477d862b24260bd19445f7d665ac4,71,0,0.11691604118987875
9a5031f1ab9e4f5f9518e263a81590e2,168,0,0.1617169605516049
01d21383f21f4d7095ca26ef7e829a74,674,0,0.1854644214815379
0e51fec85a994892975e0be9bfa51f40,468,0,0.1856939570392802
5a75d14860d94dd5ac47fe50b8676c77,232,0,0.08897264358524187
a52a6e6d13974b2a839bcc1630829b00,658,0,0.012012796330609699
d4b9a240aa0e4a74aaca4ce776927a10,268,0,0.17945741291606826
f468849fcce94455ab3c3ef189a03e3d,635,0,0.021613340687919425
04456b83290144318b99d304e1e5c7a0,169,0,0.1593760776006008
658879f887d046f3996d4ad35bbb99b6,265,0,0.1072480120718598
d52429eaf2d340d5855234f7e01f6eef,784,0,0.13885383373057653
fad3edb1dd2e4546916d80727e497ad2,694,0,0.18530530308432275
3810bfe7ee4544cdbe7d7a5a320b0713,271,0,0.12972520527533865
a1e771122517499295dceedd3eb14ff5,221,0,0.09645377429317303
5ad7378595844cf59c61f36a18197e31,299,1,-0.008777700205592875
47ae0bf3540c42dead2314c9bb94c1fa,333,0,0.1774406771622905
70c722630a134813a22606c35cffdc8e,126,0,0.15229523921171606
3cf67d5350264fce86130020743526e4,73,0,0.17336477206232104
c69c47a3aaf1482c8ad0e96d843831e3,566,0,0.1275813178129101
78990bbaa13e49258e17d1cebc5106ae,466,0,0.12172202460445974
e415f1bc987247b4b9cf3fa0a110b1e2,684,0,0.16945523094962728
0dbb6ee5ce9a4f87b9f1ef5b2a0f01d0,672,0,0.17797533774733243
e541fd0382b4442cb645652a729776d0,756,0,0.09603083705656801
c0d59a2201a94e69a063f8bc31e5a987,656,0,0.17645417517825573
04e7fee6cec54cfb869dc102196efed5,506,0,0.1705089320855664
594e20a386094abbb0b8cb0b50c5531c,195,0,0.18086445608041335
af4f8952a015435384eccce277003b4d,398,0,0.09149737896295851
0967f9f3851b4e3788735c76f9af3261,370,0,0.1700504493671534
dc6ddc81378c4e9b8aafd0d0544886fb,600,0,0.1587398746733757
3331f6f7a9ad47d9bd6aabc96f6fad8a,735,0,0.09761289963547404
5dd48ba740704f0a887e936d348beed3,323,0,0.12674310598515842
b7d09461002546ee82524da7c91db650,290,0,0.1740326934380002
7406d743080e45119c82b7d123068b61,658,0,0.06163720078875201
6fd1df22ae1d47dcbec87af3c0682487,72,0,0.1845019641554621
e54b92c8cd764b139e23636b2180ffe2,506,0,0.15340928807562076
a5b7649c400a41feb76237f3431298da,433,0,0.17731974466365574
a7c48f14b018438b9f201e3edad097cc,51,0,0.16965207679816974
e771771ea4f34afab825d3f37f37602f,510,0,0.10516325624456785
617008cf54ee47488201e65d0f3a1d2c,534,0,0.0957014704340301
045f0b69cf344ea08392b97cf5048f70,651,0,0.164460167518017
257515c894ba43d0a171d9c662fc1011,667,0,0.014779200652169866
958d9661f8d0485a9a180d132db9c012,220,0,0.0034459687579784237
19d58d39fb0f4fb3922cfc9b47a42b5d,725,0,0.1643444988353991
d56dcf1f833c464490472ef9ade597b0,394,0,0.16254875245351058
fc9be010420843db9e7f24e810dc548b,356,0,0.18053659121758964
9af27b30f1e04257b61fc56b3530af2b,551,0,0.1854633196113713
f9ae99431f8c4443a0f19bc42457159e,617,0,0.1637767167676003
3df49ae9381d48fd924a1c1bb9949603,257,0,0.18109530219135328
3d013a243ef2423d987610f67501f171,117,0,0.12173922516555574
de9eacd84d0d484d8268b5db623a9f5f,323,0,0.02282897868596262
beb5034aec3d4b098ab660c43e6095ca,781,1,-0.02504411438268095
6f98d0e92a934c9f81bf0a76bd89a91a,588,0,0.06966017487688958
7773948d21114b1b84eff6807965ea51,504,0,0.1791525767982452
e3ce76a6224e4ad4ae03ce2d97edb944,455,0,0.15957104015943402
cef4954461c54bcba80ba454ef79b405,90,0,0.17114208307212297
ba1d1fc10dac4b408b62a30ed630f896,668,0,0.16224999027043735
96484df4000b48d5bf83abdb58d45417,702,0,0.09652533052788353
dd0d579adf424c1bb7d2f22f02fe307a,55,0,0.1742902685376425
d3b0682a6d1146b99c94fe26b19496b9,83,0,0.06378895103001547
441bf5443ff84c229354e92d953d472b,350,0,0.18498691703851555
72b383c507b04497b46f56ee1832a1f0,657,0,0.1856231888215314
8bc95b6f57794139bd34292aeb880819,197,0,0.07405952890824219
8980d7c1034b4bf4accb467dd6afb51b,21,0,0.1391073828932543
7ea70c6f35984a03a260140eaaa72843,55,0,0.14532051777981103
a4b4bea4554b4cf4b8fdd97ff6169cc5,719,0,0.18060610083885542
338e97cf04524fbbb456271ccda6ea0d,428,0,0.08229302912921366
0b49b672932f4f8fb9297a171cf7fb76,473,0,0.029744537355086698
aa6025ba2c0b4489aba30bc6440ececd,610,0,0.1735812039264254
77ce79475c0e4a2aa437606ff15ea319,589,0,0.10524383577159718
1f15514c766749dc901bc21b624e151b,57,0,0.11367743396018737
77ddb5401f424fa8adce9690d52676a9,55,0,0.12867353623396383
8fec0647b56442298a226472c05ff14d,60,0,0.05765075013236998
074a3c52d2cb4ba7a5e2a8aee734bc83,697,0,0.17485250814764786
d88c7be47fd14135b99de487ac27c8d3,589,0,0.13713373530756873
78225d96ef8a4e49b4a421437e0225d6,636,0,0.18689457410608612
bd9e160ffe514bd68769652ff34f9326,630,0,0.03460268010289591
f5d2b2eb58574fd597ef6141d537a637,523,0,0.07785397658225524
0cb5aad2d2a94ef29292782c069155d0,520,0,0.17945610895053682
578538c745a140f2af13cbabe8b7f848,356,0,0.1468720129867196
d662f1aeda7248d8a900519488355b4e,457,0,0.17784385871358172
ee019886ef8846b5b52abbd813a18aba,332,0,0.18065907141100762
1613db987ece4f9499cd99f58e1f12f3,16,0,0.17433656749835896
67dad61b2f244b0899b18e8607d62096,221,0,0.09777906108521628
e650dd2a4e794f37a0100a8a30184443,335,0,0.18561738143346418
33ba58767fa741fabb942048370efef9,163,0,0.14921887571173004
9bd140edc8d0404ead2d98c405a6f837,333,0,0.048841672345225795
5105896739e443519274006145e5bd48,221,0,0.11263979066933055
2cbbca614e274a61b51f80044023e538,654,1,-0.03809376030059419
177cf35a4f714f38a0a08b1fb009a67d,726,0,0.16489607648088594
6386550ea18045198fffcecfbc671675,282,0,0.14576001708493985
23ad698b359b468a9a0723b75e8828a2,751,0,0.18084917136104423
5131c9b46577477790d0fae415a36814,698,0,0.17823332559804123
abd8de76f7a84d05b16ae1f0bf5a0722,228,0,0.18398032863225244
cb1055a388724d85b95b4fe3b5e71139,95,0,0.16936265549329566
f48a30b639b24b4e901835e7ea1f688d,702,0,0.13022174462061276
d6887b58967b4a0abe5fb65d2438d98d,512,0,0.1740699072881312
2982ac2be573400985d387417243a1b0,655,0,0.17699376871049943
77aae32650ec47fe848d2cc87e8f1bc5,298,0,0.18430575393389115
0357cfbc11744ca78f8304d323305c8c,436,0,0.0548882310755362
cb3fd999711f4d58ab672616c0b7df47,477,0,0.14583699520771948
9a0ed59d4d5d450ea42d86518d333b1e,2,0,0.14053375881108104
80e98cfcaf594ab4a2c7883b037c8370,758,0,0.18196258261833242
7b581e16860a469598485c235c2950f7,694,0,0.009672059921634113
94baee18f80a4a289d89a174162558ef,719,0,0.14509288209071075
9ffb4dd7384a4de3a251cdb12f64cfad,34,0,0.16355948719088453
0845fafa197e45ee8a0ec807a877e132,764,0,0.14731064221356266
74cba867708e4d6a920b0699c2930bd8,571,0,0.14429037084797852
b4cbbcef7bb44d578b72ad3f2e649369,102,0,0.07742449969820847
45413fdfd64c4ca698d7da83b5bac0a8,216,0,0.10081214762312846
b32607de99374f099740f85e75617d04,84,0,0.14024775172159087
eae7ceac588044989d8ff69ddeb761ee,778,0,0.1752297794421791
8a7b44b8fe9f40b79e9981dfe7557efd,695,0,0.1047806782897755
7e79e58187b64065baa36a267c5e9f94,369,0,0.041429241287769314
7b71762b2e9f4dd2afb8b16d3eb2748e,186,0,0.17049728389244517
d437ad0fe8414644a974d856c076022c,663,0,0.1786927825436126
78b0bd1fa85046fd8798b23851111c67,797,0,0.1671322715549416
597a8aea83094757a793958af01a63bc,215,0,0.1628996299285838
2078bf7d105c4bdcb36aded9421c0d2e,209,0,0.009480324446231037
6124487fef5b402c9828f7749486b018,506,0,0.09831245159365132
0112feb347c5414fb70743f4e7e75021,327,0,0.16303262820897474
36a0808b139540f083bfc4b226bfe9ee,715,0,0.14760684196986312
4621fbb1f2574d60a8532752beaa46bb,759,0,0.16169190929010324
a0e95c8186454fd29322ca1abbfecaa3,447,0,0.17969640871732556
9b958b9e3d6644fe8b66a86565459035,19,0,0.18472763931262826
4bf1d24c94ab412ca7a6cdddfba80fad,333,0,0.14941750889183048
ad02ec766ff4484ba98d92c96d979fd0,530,0,0.1523482773384936
6d95f89e9a454f4f8c8fb7c8c8e92c3b,163,0,0.13674495285034072
ae6dc30936bd496badfc982f7313b557,534,0,0.1009634868711875
de0b030d9c2b41f3984b139680761ec7,750,0,0.1709321241230941
e536fc26570b4b8f93f5d41a8f352d60,770,0,0.1730970875410311
59008e952f0d449382f6fdd272259f09,474,0,0.056960859789318474
69b17257a9d940aca207df028fdfc8cb,382,0,0.08085844098064854
51c4b4ea37794441b0f4520be01061bd,138,0,0.16401034893810124
72d0f2ec5da04826aaf527865d21534b,220,0,0.00601624089495334
4e486546142a4d4d87a5e6bc184925ce,388,0,0.1802187657006405
9ecd5b723861481b9bcee338f508fc50,216,0,0.14101831519614205
fd62252ca2db44f0870ca9cb64deaa3c,604,0,0.08398598230532084
c59ef280b9a945efb1f079333076134a,706,0,0.18000829573880983
78948813b5284096adf652766d5e1467,552,0,0.1643675313244251
b0765935d0874db4b2f4083f22ec6ac3,180,0,0.003159847133276661
7abc1ce1085c4e69aa24550b413efdc6,660,0,0.1879471281367881
5d7336cb4adc4998ae7ee6e33d3c0940,340,0,0.07100655928731464
273709c384fa49429b6adb33686f7b10,173,0,0.1784960358469304
d4fd69cabe364fb3b435d7a15a9b2a6d,417,0,0.13634651975946543
5848f5d5831c4cd889d4a75850059bfd,579,0,0.1632375698669673
0009478aab424a51845e363fedb83496,458,0,0.15649575686747474
0a7927ab682d46ab9b0ca4ceb05497f4,583,0,0.09093832443478533
193b61e8a102417ebd769aed21bedc99,76,0,0.18811376044440092
3bbf5528e6d54247a26043ec6d6cd9c8,204,0,0.17089335783479181
12bd547ec82c45b797148abd921c882a,390,0,0.183585451025581
c84001d407564280b67e091fa4bb7c58,15,0,0.18446827817894718
641adda9ea754250b1eadd29cc5af8fc,507,0,0.033414337105205416
fb2eeddf06eb40eda6f2254542af8280,195,0,0.16885901110973695
1b132a1acd634dd697d2e1e39dcdb4a6,641,0,0.1588705822789167
a6f383153cfc466785fed62647341f13,143,0,0.17798175596336213
4964bd69aa6f4cddbe8dfbfcdcca5b58,596,0,0.1803446327778932
551ed6e1e97941b3b5691f053d6abfbd,31,0,0.09695746829897639
ccff97195e3144cc82800c78008dc858,471,0,0.13795889452499593
840ca9f1146448e187f280457fbab3b6,209,1,-0.02630056866435737
0d54a6b67824455296a92a959995e253,517,0,0.15973693264841043
6277a7216e9f48c98dd801dda2d73481,798,0,0.17224921580851338
89b725245a744340a1ba37d953b7ec2b,506,0,0.06835286229288556
8fa5672cf6d44a04a65bf3444aa54793,516,0,0.17465699222785552
57c05cb330dd4f33a6943e74e7743866,499,0,0.1805986701336455
72816e142cb14166bf18c815f63b77cb,120,0,0.17581546367332102
231369d5ba4e4fc98e9f6c0927646bb5,709,0,0.13283662488074954
554c9fd757674171aaabde0c59b57da7,395,0,0.11093823310884299
3256e5600efc4dc48df8eb9485d3a69b,58,0,0.10689961706960283
30bbb85cc957497ab435c573dc9460c4,540,0,0.1407142598853135
3951a9a58a73485f86c08c2c3b88e75b,250,1,-0.04711507783862534
499b60f1bd664237a11e81ec397c9abe,81,0,0.16731391421358943
42e47af1023a42dca8e80bd7d9545659,464,0,0.1699387770512958
e6295d75518749d8b6ded9ff1d7b7e8d,71,0,0.1308338608907143
f2a0e8c6920749ae9d08d3c4760c69c9,230,0,0.1832233374558045
bed062da41ca47a2927e5f7a1e79c7e6,667,0,0.15821740515849675
175dc08413f24a63b1b16c78b329d792,611,0,0.1803401012510638
123954504d004cb9b478aebeba5c461a,502,0,0.06909513754270924
ebf725e9908847949c2d5100e94f3611,564,0,0.16724741658171183
ad57d730a164492a94e8394f11a6fae3,359,0,0.1721500690334899
bea685a7aa484f4b85029589ef30b607,319,0,0.17844224779946777
3f82569b2dc944028a30fc5135dfffb6,250,0,0.06544130269725246
428e1d46d8a546e48e3116e4c6e92c0c,346,0,0.1693944630546675
88fe2471b64243f98aa38456333e9912,605,0,0.10571392646013622
43d0a50ab66d480daf4be5da98484ea1,600,0,0.18061600141669948
fedb5fbad56d4d379cb189a3ef65507a,489,0,0.14230050372670094
c3455f4ef8ad41898030773b4aee4011,696,0,0.18319361491714165
6256016fa3024d10880e35fe29e8d3a5,51,0,0.17767331809501274
75c66c80031e4b13855a6721461a49ec,529,0,0.1590450564983346
3a9350151fd543aa974e8f837b385e03,619,0,0.17123111227097387
e9f37999f80941d0a0ed2779378df4bb,719,0,0.0011380322068015314
bdb6b166d6224086861285be0611ae2f,698,1,-0.006597791947605458
377a5d4fe10d46ec8a7ced0215e94299,18,0,0.182675614521279
fbd2bbefeb51426ea0a19c91a3d87f9b,451,0,0.12911748373319099
50db6cce492c485088c290af92e7a878,451,0,0.09024646344490966
b0e6d81012174e149620e3e6b630e962,451,0,0.0517347196586308
db031f4fbc9740fa8ad763b9a51a9385,743,0,0.18273551913410152
fb31ea3181d14d86994772e63c84397b,451,0,0.005848767202570104
f49f172a9ed945419040524c4ff892cc,451,0,0.010608386346036003
cc93e5815afb421daa3f8994ff34ba3b,451,1,-0.03659153635434631
da35ba41158f49c39acdccfb430bdfcc,451,1,-0.015239156061717107
b57bc4cbc0e248ebad63b73c02f9e035,451,1,-0.07526674025172808
2c45bf90d03146b6bfa370c9378c84e0,451,1,-0.08415396485268345
339d37e375a34b59a435253d1a3cc7b0,658,0,0.09822346538657856
a1a3fe337410401a9c2b6a456aca4c07,451,1,-0.08004780482710794
a112d9b7d0124daf9d144dda341fba83,451,1,-0.08700399001953874
1a447089de1849dc92db79e0e91596c0,661,0,0.17333195978483734
b9f3d84222b741ccafd2dbddc790b96c,451,1,-0.08661049587477554
5bd671a229ac4bbf8540385ebdf046f3,451,1,-0.10181045497285723
cac48a009dbb45eea91982e5b88bd432,2,0,0.1598578171347218
57dc5c4cc2dd49ef8d1546f2e34203ea,451,1,-0.08820957088867054
b7842915f7fc410ea144fb9c70be3a51,560,0,0.17763326058933104
784435c9418548618b298b06ceccc60d,608,0,0.16182187618054145
417e6fc5f0234d90ac5f3cd8f9770a96,451,1,-0.09202757919610993
aa8a9f9932b04cc9abc882e2d51a93cd,351,0,0.13944948111565325
2fcca3d0fc554e99b4dfb104f2d439d3,472,0,0.1257375030390952
e46a3d41a54c4fe8885f7981ce1c4250,410,0,0.1568992918468572
1fb120c066224895bff46f6be17d2ee0,148,0,0.18592020731884734
1a4101b7f37849828e0ac4e546febce7,550,0,0.18259607341636575
bf2b64adbd2c466bbfee7a0cf6b3a3c7,168,0,0.1641860742524931
30b84cc93d9d43178fda271125d5505c,569,0,0.16154202693320735
b27c7a49bd5f48fdae67ab3cd2d9159b,689,0,0.15957857773515538
de70455b586f468cb9a29b1e135c870a,302,0,0.1749226640403247
05adbfc338754107b3254efc7497708e,727,0,0.17155028432417074
faaf4b15a3cf4123865efa04cc616824,596,0,0.12671195619237258
a21c4190fa2b498ba52b7afaa7bb32de,52,0,0.17048202502950116
e945eb1be01d4ee080b642e8c2c2de0d,596,0,0.1247673144129135
de40d4f63bb74f18b77e83501f151c26,260,0,0.13659364423404924
ffc620a3c9894478b0e9730e50f148e6,208,1,-0.06043756458233995
88b62650cbcf42d483c5e132fd567dff,163,0,0.09304550363892367
3239d6efb8eb42bb81bb8763bab92c8c,154,0,0.14550071608507403
56b1af780106472490e9a14dbd8e0c4a,115,0,0.07737190612394629
41c76bd281314d9f99a86b0ca68aaaea,173,0,0.10610025104078252
c185867749544e59b5b69eb95d46190c,192,0,0.12068991685590608
8ed9b13baa6f4e10946142e491f173f2,559,0,0.17956394775230322
d7cedfeaae9f4dd480f56b07e89a3779,70,0,0.1853234326137213
4a74f5f349da4acba00251f34b858b67,397,0,0.16108899833365392
fcbf3a1bea784a7aade3adc04751100a,628,0,0.08857373903718724
e43f70f78f8f4fda82ce022771b80ff2,105,0,0.034299461988279545
cc1c7b96fb8d47b2a7ff8b2f44bb1315,362,0,0.17488268465373885
e64b3159c7c84cedbf91790f636e9f74,391,0,0.18050202083482458
517ad8de819742f28c66d1d42b495dfb,491,0,0.14925998742824298
05d6168d626e4fe4a8fb68ef75503265,391,0,0.0785944874259672
32d25ad12f834fe483186954342f8789,696,0,0.13308362642519173
6c77307b1f40493da180766037ff5d2d,578,0,0.15397532776967032
e2580fe4962e4b6b8b22aea0c17369e1,643,0,0.18191481635412188
5f6a6691f77c4311a3ce8239a8c271ac,156,0,0.1276444792207191
e371e280a9d44ae39a9c8e20e2d53a62,779,0,0.17395054719540415
4edd74a279de407da0a09cc08c70256d,125,0,0.05184957199786594
8f6e4d0bfd674d8b8763fbb10e362e1d,797,0,0.1710192038410262
27b2b4b7e5ce4a16ad7aeb49f4d6c3e8,619,0,0.13601512814244637
f6c5f31fe9fb4078a39bd207cc14f42e,199,0,0.16295536461803956
c575a0ae216943738c6a81c13cbf3602,686,0,0.11820835979599581
ce4474e1e6594d1ab9a78b0daa3e0264,19,0,0.17852257474100575
c8e519a8f66642c397b4d7a2a9102a95,752,0,0.17480257964012647
720e5e74401a4475a35fbe4c543baa47,103,0,0.18682757515055698
1fdd3a5b81e84362b0d65c35db419083,496,0,0.18854022348296262
7ed752298888492d8b9a0df6f224e298,284,0,0.12523795463609055
0ba9e25fc5764a9eb01bf39d8273a6bb,316,0,0.16891826016463146
ec0bf27cb93a47739c9d52021d728781,565,0,0.1636946104519978
3a6d5dd2f1e44f558b4d98bd32ad10f4,648,0,0.1867181987189045
392d46e854674f84a8934dd2dc4d4bf1,622,0,0.13025153549749469
772aa495e26d48239ec83720576d8b77,184,0,0.09418581919401053
293f1d36fa514beea7777ff372f3235b,171,0,0.18445931366072776
4f8f2a501c4041f0a248afb00f91c3fd,692,0,0.06670811613363947
f52aaaa91acb4c8ebaf7d8f7cf7b1cdc,195,0,0.17875605465578864
cd8cf4c5e7eb48ef8aab596e5485304b,236,0,0.17460636577688138
8c93602846fc450c9ca2aedc44036045,87,0,0.010796325753708813
136a4b1b974a4e969ea399fe502ac7e4,294,0,0.17748004035791642
cc3cc83f94bf44aabdab449a7f5c5e37,732,1,-0.023459875341668268
9a291d8007c04f9683b162092e55f9d8,331,0,0.16650067605528301
bbde32a4295f41fb93c6a0fbf98d5952,198,0,0.0929999682950372
9f4d65fd876740219e84fdd216d64b2d,546,0,0.17238067976286703
3e04e8f6fa694bc690e1dac5bf6fcbc6,484,0,0.16993920199782125
7c88d413b48a4102b48b19c5a794fdd0,662,0,0.18690674409581332
240befb30ad54c4b9765593545eeb231,199,0,0.15186260659008277
5883b378f3fb4dafa1ff23f3928ff7be,485,0,0.17548119973366422
6835be38516f430b9410cf83d66f35cd,732,0,0.10072733818403423
59e281c813df446092cea6c23c6192f1,67,0,0.08037277961107986
f82da3ba953242a1afacad60db7eb966,222,0,0.16630986755422
a641f0cf3c98468bae42efb62fe3fba8,268,0,0.18209702929328642
9d84d67d8c8e4d2e99c021946120d0ce,462,0,0.15039986081795514
38a875c42b274767a28b089a25caa187,532,0,0.1827611952228102
6b10f6dc66684690878372fa9cefe51a,261,0,0.0828329609575586
c5d5c007ce8e4a629da852975758266b,98,0,0.11769211906140964
a41327fa246b476da09fe3013d8c8ae3,134,0,0.1790322758693249
5c78d01c73254959969b2525d352889e,712,0,0.18743006219392877
e8db48d873774e34b5b2dee9e7cf9fee,90,0,0.16290855525480757
7681fd951b064789be7b10542d586dc8,244,0,0.17216156726616777
0eb9132bd50746c8b458d6be6635603e,484,0,0.14442663507950954
1465b147bd664734a188f34bbc6a2703,504,0,0.1847173356464668
294a467a73244764a35222b6d9f13c0c,707,0,0.10916734414496393
455cb05c6915479e8cf6ca9e2a3dc7bf,254,0,0.17273032660042903
f31c9717543a46519937a8122517c99c,543,0,0.17252478368244895
8c647aa8e67a4d549fb687e36ed1985b,616,0,0.16854425825587627
2f5d2bf8c6474acca24a2f4d4ef6627b,228,0,0.17691801643320382
e50cbb3bcbe64a9e9130cb7d09ab4a94,188,0,0.11219759989441619
8e7295000ade4f8bac3fcd930d5222ca,280,0,0.17846143624167143
dfe6b625869e4987838c2d42d4b7d772,250,0,0.08851128952917309
68ed88f151354f62bfcdb68ffadc935e,523,0,0.1832011584143322
ef18da29c4844256b265a260ce9f67d7,510,0,0.18290668948173766
4f39ba4e8c1c44a490553e1a2cb858ed,394,0,0.08310319487596074
4234e6eee21c48aaab3baf71eeac04be,0,0,0.16524520471740323
3bdcf11b01334a23911ecb61ec997080,162,0,0.1260394957242783
91126e225581443bb612b459d6499326,459,0,0.1722439245496422
4a6c5d60ee0749b0a4b77d8b2bc71152,226,0,0.1651352219036194
442a2a500b464b4da1ee486ff0f57dfc,417,0,0.11625545176692575
8c35d2b5f06742ff89c0e31289b81f80,722,0,0.1766904139789528
487627fa3d6842afa9a7fd5438998bb0,422,0,0.18832676567251289
dfcaf67efe0f4d819ff6917f6d63aada,425,0,0.1663757342632856
7ddc81a2c1694d9a836a1b90f4efbdb8,759,0,0.18422375423971193
13c05143ff9644328ff4a074e8c0beab,519,0,0.1442316045074873
8ac3ba2cc5004b02b27d194dbb7ba5bf,493,0,0.1835509383592664
512d6644c47446ba9db0b13290075190,624,0,0.152045969726185
414745560b2e48548d6618bc2a230fd5,579,0,0.08360868792731974
f0db17b887304e6bbefd1811fa63d223,133,0,0.048822782294255185
abb1244ad22f42c494b8b857474447f1,399,0,0.16473537333850152
6f321509c6eb4388afc5d3bfacf8d9b3,529,0,0.13749110885162985
228f11b289204c1b83c10e3fde16fb41,559,0,0.11406675770636415
3cbc912fc3f04f10af0cbc96cd81c87f,3,0,0.11537049694901713
35235c76e63a466d856c9296b24f1cbc,743,0,0.09497364750984877
4c542327180e41e7817c9510be58d521,160,0,0.15839683447319197
bd8c626c10fa40b891bb28e468d9323a,384,0,0.16408545014298243
a96ba7b4d89f469b9bc57d13bf03b56a,104,0,0.1755848003433556
62e0cb85c40a4ef19f7005192709dfe9,507,0,0.17472252402249794
2f96a4748c0a44b6bf406c1fce8689fc,211,0,0.15856870438707044
f2ad2e4a3bc840d7a15315596e9f9e13,297,0,0.15801628577253551
52c484db12224002a1e6b94a925d1228,459,0,0.08166429984614015
790692ccf2d8447f9fc741bbe0ba24af,217,0,0.16977180258857072
b8f3fd7d1024460fbcac07d143b0a42e,701,0,0.016890657706575163
3e273a946bed42fa973950146023955d,60,0,0.06344230944815837
805b651bb27040e8a852c52a268a2001,535,0,0.16885321056457836
367a940ba75141eea98f1e8e194514db,118,0,0.13196169522640472
f1ac82cadda7464ebfc4a4d9a85b95c5,764,0,0.06729586286189343
0c928ea48dca4a2a838c71f95d867dd4,690,0,0.18554975296303128
c3cab649c3b44ebc99ddef428781bd2d,81,0,0.15689971034828193
0911718174924389a7704f58d528eab6,168,0,0.1580999763597954
a2a643bba5864c15be8ad4f7909a4386,604,0,0.17626186656228
761d2d39e7a44a18a12638742644c69b,707,0,0.05778287816178612
5a5afa21d6a64d06b49a35fa349df7b8,469,0,0.0985527759732131
e319f8775161421f85738b0dde56e27d,195,0,0.11330529686802021
d1c821163e084a56bd9702a5c68b54a0,199,0,0.1095682522085698
173bb977c73044d7a703d8ccba9476e6,644,0,0.11822024569989986
955efe20bf9e4722a95ffb45a0f72f53,386,0,0.17819268732089422
f786e1331f874b5ea8baab6f0320e123,743,0,0.06717926251751066
76f214a4a63146c5ac54de6eacb8877d,37,0,0.1646813303459756
274b78a805634ef881f5b03a45e6d37e,228,0,0.14204208555218167
d9b999807c8148f09cbfefac63b2f225,141,0,0.13393438395299567
59feb49af6a0464e997389bbbf47db99,670,0,0.14534848791696015
bc87ec77a92d45c6ac5d651acd83d222,662,0,0.1047360190990993
f31cb6e833724404a1d872b81f6bef21,167,0,0.15337574862791487
84a235159d524678876772c5cf5d637f,390,0,0.18771032691173306
00ef683050914dd88bfcbff44e485716,539,0,0.08247759688595735
62601d3e699243f79ecc09b69e1d492a,697,0,0.1714995936120166
7d497e34d93e47338a853b99bb3105e5,497,0,0.16143427551772127
1fb90d32499b4aa096a737cf544bc50c,593,0,0.17861907679429223
9563e58d59d2410f98068db73483de0d,736,0,0.15546927443062075
3889a87579c1443a9f93c7352a399af6,462,1,-0.11121126151254845
0f4dd052a0e7456ba8ed08595189ca5a,686,0,0.19026427949862174
f990d322d140477abbdcf37a6ef69fa8,413,0,0.16626116860720996
e9588a6500fe4eb5a183210c3a368ca2,498,0,0.18760342128012347
45bb8118fe6a4b718b4497d3cf2981a8,518,0,0.10810295903075745
66f90ea6ce554011950d8f1981f6215d,784,0,0.15612064247452606
01653155b4b44bd0ae397ce24f23c790,80,0,0.11320242257230728
628301b515be4373881c149c5a554c8f,331,0,0.08934316644610302
b3ac6761f783455388b6be5e7684b356,285,0,0.029004827200412475
fdfb03adbeb145eea8b71bad2b1a2a7e,351,0,0.1740693377802997
f8329471e5624597a53f1036081ce373,62,0,0.0962599344629298
852ce32601784936b075fd667e742ec2,486,0,0.1769984381430228
9866c5996a9e4e20917e2485699cfac1,92,0,0.025975390011885258
560bf714162442f1bcb07eaa5d8e1db2,459,0,0.12177700059203311
cbbff0638fc644e0b6cb71fa589f6f53,535,0,0.13535269152388318
d2aa0c57df484f1a805cde856c465fcf,19,0,0.012276414105369282
aa1cc45ca4534611b8bb27875754ec5b,736,0,0.12304193973786542
eeb8663a8e384ada9aad4a360711ec37,489,0,0.1294218815465309
64b6b57bb90c4adaa473419a76c2dc76,493,0,0.11999793005035225
51ab0c188d114e07869d563a60a89aef,748,0,0.17039512517937722
6d2ef4ac59da46bea3d594cb3c8c27c5,546,0,0.1552073545792142
edacbde098e04e46be09a1a9d28b4d5a,431,0,0.1799437507219271
52578a460c9f45abaf1036ce1720bb18,375,0,0.1864042457629178
5eabd609475341c4a0cf71e8dd2b6c48,31,0,0.1401898035249466
3bc8dfa169d7401aa7b333a5f32345cb,254,0,0.011175236949014788
5f046e1cd33041d3be3b160223bfdafe,553,0,0.07903622797093401
b52191441ac04ad1b2e715e27d95fbbd,260,0,0.06297231722982549
309a1a43732c478f87cbb54271c12658,166,0,0.15124847871650998
cbfb475fd4b34253b3d610473b886dc4,26,0,0.18369696927227636
ff22fd94b3ce48f8af6e5e2627f48b74,428,0,0.04901467411308691
f8d0d3b07b064ff3b23b16bb6645f629,14,0,0.04942700747228446
0ab251a67fcc49cba92cde35a4eea801,526,0,0.16450083087631856
6c703a5f0cd24202b777ae944c3632a6,95,0,0.17408425023067226
9cbdd9fc6e9743888c1ba6adbdc5c14b,745,0,0.17271250640242058
20f25869a3e8432e91b916321fd2e36a,247,0,0.18113347289571247
51ddc88a02cc42648166db32ca0504d5,158,0,0.17836396562888823
f826f4a16141462b808c9936f9303512,458,0,0.16269037874916048
c0a27562d09742e9aca4308e0ce0dcb8,734,0,0.08193492175194694
7185961eb74d4cf5b7891fbff0f1c68a,218,0,0.16481851452417662
a983220a548d4461bbf9962aa2e6bbec,498,0,0.015910708664099937
c3a90bf4f9e94108a45ebfa0cd1a2a28,143,0,0.17771530247526235
cc22e1cfab5d4a5da584054b2f389d94,439,0,0.1740687472414006
3720a0ff21c4450eb87c860c4964941d,779,0,0.18078872494342935
8c3d98060b9a4c7f8870254039368c00,465,0,0.17948761906925664
fbf61cf3a13348ac947b5f213690b995,77,0,0.18526015923854688
f6b1d19d5aec40c3bc0516103622278e,722,1,-0.05264658805766642
6758346548ac4862995533ab61e5fd99,341,0,0.16856403279476911
f64938f9e8394fd893778912cd2e0a95,184,0,0.17153544575907975
d76b2978071e4fc9bdf1f4d8269ba4dc,523,0,0.17875343992658094
03ee2e0ffafd42c3b74a454df256df57,290,0,0.18106137939226447
bb927d2acf7042858d4e12c788d2b14f,74,0,0.08376644489142021
fe6b6c28873e49e6bc4b8b55c062fdd3,141,0,0.05912964226454448
6f0bba4c25ec44169cfcda9f902d72dd,322,0,0.17892157424686173
e2aa47f8b8f34f66857634d49381ec63,60,0,0.11066593997682778
3b67357882fb4d84b89f0453aaadadd7,654,0,0.09204856027283137
8e02241728c54554b7b81f7a7faa59a9,121,0,0.1747078996870598
c040b92aec494ef78a0e4f3dc38e3e6e,215,0,0.16846735902779963
31808c8adef14147a8a8109dbd5ff876,350,0,0.030563897898164383
428ef4be5b6a424391704d19a6e164b3,748,0,0.1271381392184706
dc69a6dbf4214c448aa5e0e4136c0a80,162,0,0.10991312093800093
e453a48b579f4cc5a05a12cc68ccda91,373,0,0.16973327088070583
4a5c1abe573943c38273b348078b9fc2,151,0,0.1871422377498435
efc714ada0d348b99389d513a4dd0992,393,0,0.12668463557068793
62c6a6bb607045249e4c0b3c206e17c5,708,0,0.15370529109568148
2a29115932ab4781a8bcc70f078d2b43,594,0,0.13646595501623232
e0405764cad34a5ba5d5130f12544848,359,0,0.18918824332680134
46348e350a634f12980db274987dbc03,780,0,0.18203612917656065
19849f14e4cd4dc4973cf94143f0df0e,542,0,0.14827527742593472
93b7bfec347f48468c38dd12fd4af95a,348,0,0.1447977684883474
8d568d8b4bcf463e9b86608c10883e74,530,0,0.1608766128384878
6a944f81c4734b1ebd571a6308aff2d6,370,0,0.18328131006802456
f528bffffad24eef8ff37eed0428fa5c,748,0,0.14362291779708491
f888810ea0924f27abdabbc53b0fb852,429,0,0.17122283176574993
d9bbfdec799248c6a5b50f22f6ad34c3,547,0,0.18412146504496169
23910867f1544425bd4aaae887c2db04,336,0,0.1804344028516705
d40b1aefd36c42149df5d07c1cd09273,135,0,0.08731251649119198
f68869f2bc0543b0920af5d3c012023a,129,0,0.08094184818658734
949f8743bc434bf3ab53e8797afc2a2c,473,0,0.15064877296814638
0330513db75140d0a06980aa585ad9f0,265,0,0.09537680116223507
bd28767102f34445a2be52603ad046ef,171,0,0.18271056985987877
c98a908fa0d2465cb6b96b2f338c6e52,797,0,0.16875213082918467
152344b198c7457da34c8b6bf1924f59,407,0,0.18173819456260182
6cecab8e495f415f9046e2be90bd9002,752,0,0.1575214336997785
595c8413fa1a49e996b8b2a7085c8a22,653,0,0.17956667280631533
fa2a05a5a851432da39ee79550660125,281,0,0.1840332612559923
3cb7e64592314ce3923e382b4285157e,225,0,0.18260964400311247
844540f658fb4ca28d1d97b3471deb3a,138,0,0.08028633339260349
c3dd5601a9044f72ba2df5221f465ade,701,0,0.06034743684831173
8c0e8a858bd14d0cb1bb0dd6177e0241,77,1,-0.001263249344966355
e8258dfe4748469b9862008a4aa58429,504,0,0.034496093178165155
ef879e03e1fa428589e03609130839c7,215,0,0.14586668910837802
c7e5803cdb444b87bfd6edf99dad7e25,569,0,0.15478538005321596
f6895e5586544110a642166f7c57cf55,217,0,0.18242578410071625
be19af7c62f24393aa1ac9bbcb80db53,287,0,0.18024686297838172
af76a64233bf465e811946ff5c259898,544,0,0.16295757153697848
06801073fe444938a018f3a53d8cc492,120,0,0.17141945293182226
7aed4b6877544309b915a672a3469bff,515,0,0.1830758295178121
c47cf6449e07480991ad1be9ebe9b743,545,0,0.15478626542402402
6fdc15df9e364e5095afafe8961ed874,467,0,0.17139100707603822
25fa3ba8559f4e91bc9ffb300cc56e95,653,0,0.1490629018558784
df6b92855ddd4fcdbbf15bca45bcf057,644,0,0.006712710558238522
b126fbfbd6064b138e317f45019884f7,745,0,0.03532853976120437
90640767e531477a8088cdbea9c283a6,21,0,0.18744993246543867
3c05043d3222466ca6a8ff0c2fb59479,289,0,0.18323066568393603
34dc664833c6412989a7be8bb85ea740,44,0,0.1711051036916743
c958b33ea2264249b75f52b94e4b0795,557,0,0.17759326841026035
632de86597bd4a748163ebc6b87f5183,457,0,0.08227894655218004
496aa553f557495987806122388928c3,728,0,0.18297677500995063
09e78bff6e394f45946fac98802636e7,349,0,0.16582851223027417
2d8a84e7cd80464986e313f5bea3fe7b,649,0,0.16474462342047091
0612a304320846a1972ac2890f97c729,519,0,0.16503618572370132
f7e2709a8be840e3994c7af8a430fe33,397,0,0.15136064064726384
e917a7781dc64f1894507dde019ca33f,652,0,0.18037958925850622
e3f6d24e8927496da8b52979954ac984,527,0,0.09743347275680475
522ebb22e5ee42fdbd440baeb71776a2,407,0,0.14748078957740723
8d6e991cbc374fd19fc24a93eb34b43f,495,0,0.17245023463366094
8bef38cf0fbe4060b85669250b1ae9c2,414,0,0.17527056473918495
e1fc2704584240f78c0753e95c9ab621,97,0,0.1713801031278045
84f5efc868704fabb6a272913db4e6bd,439,0,0.09948044905229919
4ae22bbfa6184bf1908d2f8217e37638,428,0,0.004771665797346003
1528ad6abc9245e7b468ef6d9ef1ea0c,783,0,0.18267344337123653
7381f387bc324cc09db90bd1fa71d352,443,0,0.063109228651899
2f08318f7a04455a9b233a69a884c9d6,240,0,0.1837601986356902
2bae65bb78044a1595a8b7d5ced06cef,325,0,0.17567878142607962
0afff6bf7886415ba033198661b5d4b4,711,0,0.18031512538250993
f1ca6745eddf4ec4a5981bb6bff2c4a5,696,0,0.16168666240223717
2aed0754e94349649446035d06516551,395,0,0.08096544503939285
fa417fe3c52743d5ba000eff764ac97a,491,0,0.15674941538812548
87c7a9562f2d478c880ee79d5cc8ba6a,63,0,0.17125023342131396
40818e94f46e46b4ac12aab0bdc2c9e2,624,0,0.13629544852816727
c13756939183412893324a7b8401f173,144,0,0.18650543880751347
dacf25d573ee4fdfba95220cd759f90c,657,0,0.1795717373526139
084a7e8bf6a241a7957e67342ca1117b,235,0,0.1750885661267924
059fdd8f41c643508ad7107c9bae0a05,402,0,0.18295229406723484
aa4b75830cce43269f300f2ab60946a7,189,0,0.15520428074300896
6eb563deea9945498ab8abcad25b00de,418,0,0.14131355219896036
1e328b5fefbd4cd8b9133b067ee973d6,59,0,0.17704453269606912
c7037c537cee4dd8909d3af8c77f101a,204,0,0.1685832216970316
cf7091753e1146d4964d53c260f797a9,445,0,0.06286162728425504
e07de99d3e21427690d523d32ba9daf5,510,0,0.17667274977519742
d3b8d2e401854854bb18b11fdfddc6e6,301,0,0.16498632319705303
aa33e844c8a44545a4766a860669c894,247,0,0.09349457125513588
871550f173da4157b9ac82b717301e8a,655,0,0.11915349166573885
a8c97fb415954cab80c07c92beddb699,535,0,0.1783398669117841
6b44fc805c564e20a03002aaf66eed8b,573,0,0.18269505981896722
92bca4180b8a44628e4b819367455fa6,210,0,0.181244846077656
f8f3425cf2284d2383e228fa222ca85f,133,0,0.15799853566787975
91c9a59f9f4040cc852cabf34051fb00,410,0,0.1642064803307403
39bdbaa8b1a94d4b9fb293de24638eac,780,0,0.0787833189697989
dd32f54567f145d39cd4e26512ccda3a,472,0,0.11873363483111604
6641bd4fd1d84d9eb3cb075dbb8d0842,566,0,0.08620831201511991
8b5a56fe578b46509011182fa78f9d49,334,0,0.1665892961502327
34a82a07c06d457287f749cf24de7628,699,0,0.18825040641694318
0418da29a8664cbb97cc75c43bb5db3a,319,0,0.10553435187183852
a8dc1f5f20e547cb81de5f2ccca9820a,255,0,0.18296792676460077
2239ade9852e4d55ad907e560c134cc5,791,0,0.10132371818525321
b449b02cb5174c79abe8bdeaa609698a,130,0,0.17205657048671552
f2415ec427744ef28ec97b8a2e9b6336,121,0,0.16764765393881248
2c3957626dc74fbea8843c14119cbd03,254,0,0.15068570790551805
aeffdd6ce52e45e6b41a35bbc4cb82e0,417,0,0.10794626671643004
dfa91be18e974967ae7aec38ef3d7aa1,794,0,0.18628585632394296
d762bc35c3184d809293d5bebd18ce96,696,1,-0.014642155421931924
228e1452d257447aad867d033e7cd397,320,0,0.18522634030220958
d53c21595624440db7775936fc08ac9c,727,0,0.1660242332074468
12c4db072da247ea8068ca55fcbaef78,138,0,0.1041281784523172
cf56ffbfa3a64e4c82912355eb422d56,662,0,0.18159194839378667
9bf2e075e7d5401f91f1259d5fc841c6,616,0,0.17399507727927488
49eb8ca333844c55bdea0b802c5811e2,288,0,0.16060549468909285
b6579042d9f84f0cbb4f149b55a5f4e6,14,0,0.1630447906996524
ec4e382951634734b2d8b90f20aeaf2d,774,0,0.15542952500295593
a04648e9d32e468dae4d5e80fc685c4c,619,0,0.17828223290201428
6ec41f176c274ec9b449e757074571d0,302,0,0.18315256637816524
9afea5879219483380f8ad40136dc15b,129,0,0.13713782461622348
fd0284384e5b4077bc6eebfe9aef0937,132,0,0.18463613829370595
4ede6e415e6f47d99a3a5806e0aeee3a,394,0,0.14961700884476054
924974c3e66740dabd539be5d488a799,567,0,0.18521058083521197
e60bd7bf77524898a7b350a94e61886f,123,0,0.1737232132799817
75e5a19993c24835aeb13de8d138b0f2,7,0,0.13211214648252473
3deb0745242042478295fd5962713d80,199,0,0.17514992257456857
31f8e3e651c34540b06947886704f780,536,0,0.17733708448644575
4db1902c266d4738926f80db5f8860c4,671,0,0.1448206730832557
8af12e9cbeaa4ea88d55564607f22862,195,0,0.1557853746555906
e331d8819bc241a7bd8c9c3c5a975d03,555,0,0.18334907037467252
9d5bf386757f4aecace3a102baa65dae,170,0,0.17991861848698865
145c7dcf2939474bade308fd65853483,663,0,0.16718068991482338
745f0d6c9731446d8c66d3df27440674,713,0,0.16438227989268905
1c8ab5c2a7cc4355a9178cc5f15946b3,2,0,0.06956285508917825
a4d9693b56d642de999219fd8c002f87,751,0,0.1688660900104622
b11505cc0b2b40f1aa9f953e2637bcc9,550,0,0.16797284907967697
1e2655eb21c94e40b800f33d3313345c,399,0,0.06351515101889971
4ac7fe1d9f194b64ba6dc1baf74c74f9,660,0,0.1767944131304916
62f10dfe988040368ff77357070a82cf,54,0,0.0916912135108926
32cd5e0218c4423ca4d87d60a85bc95f,371,0,0.18495284697851627
98a17732fee7494e878ba90847bc8803,220,0,0.041633506746028004
ab8845dd067a4edfa723dfaab5fc934f,83,0,0.09836536726135547
f3f9ba7b2b414b0db0314c95296295b8,58,0,0.1762190394869732
7b53da4b9a9c4aabbda28037be052e63,624,1,-0.0026846926053221143
3f66961fdca9432c85c767dc951bd0a1,674,0,0.10833059318943672
536905539452445789075ef568d15ba6,698,0,0.18140931832685192
a5a47d28e4bc40c09b111222d3288460,269,0,0.17327612577655443
5920b52c8bc0466c804cbbf5e5d91894,630,0,0.17720324577785201
0719e2cdf78b4280b5bb7563aab26cca,286,0,0.15728530607300423
cc4c696ec7b24cc2a1867666008afe0b,600,0,0.052543494771527144
e2a82a05b4224148a987689f7dfb4733,565,0,0.16454613672966928
68669db0ba9f4f5e972bb8d549f20aa4,752,0,0.14011171829218855
91c1e4be4aee43289c5fae37d4cee85c,189,0,0.12078535977046628
8d9f0c6f293145cda30205bcc50f87b6,23,0,0.18220964100487552
31726bf55db14fa8936a471ad8cac062,457,0,0.13229975323173898
99574bae444e48fbb720e8cb06c8cbc6,131,0,0.17959550808083657
055ee6a724f641019475ba49b22d6fc0,512,0,0.17090642294419295
e7448e180ac547d48904b3b3f9e89e71,635,0,0.15429223880171566
979f8a557d89491891a02325cc9090fc,38,0,0.1786948960718916
ce882556fb6946f4a5610a437328146f,402,0,0.10617742010030928
668d8181129f42ee8be422d41eca8831,711,0,0.04860180392852237
b4d9acf9d9ce40c7802035e739dc1f61,163,0,0.1669258848146647
9a9306b030a34ce8b1f716ea123c27f1,395,0,0.007422378870163504
bc96fd6588fc4c4d8dd87ae263febf1d,341,0,0.18240045220955475
88544b5009274512a73d0571ffede336,690,0,0.1812416627845021
c096078344b74a17a143866aa80a765d,255,0,0.13163045633190196
9b8cba98e15d467187da7cf5a093cddf,517,0,0.14416031753635927
7aafd7a511a64dd4a50a0e49d2ef4a8e,46,0,0.17790903023691812
9731e2f8ae4047b9a7a3ed71119f086d,219,0,0.1679798597417389
4976b7f6845d4b768a624c9638baa8dc,191,0,0.18530151478441287
369ac8d1f02a4d9a8c7de368d790f49d,570,0,0.17489302282950975
c5a54934952b497f822ee786d5ca909d,512,0,0.1593049272707575
0c14f345c3eb4de2b5c40f5da9ed8d00,522,0,0.17269136011934644
d5f2b5edd65240c8b483fa8b3293c9c6,179,0,0.09010792826855163
25d4cde556774c52ba468bea1bfe1f70,255,0,0.15052845842961776
d83dc5a9af7e44adbafa66f50538fb55,121,0,0.13213585317766613
cb641865e9da4a38a35c83047b24127b,682,0,0.11060605335466056
eb1607eb1683451c9caf48fc95b17bb5,451,0,0.005281608756212197
e0571755dc5842c5a76c4b169584a7e2,577,0,0.17773201519165038
cc35df00ff0d4613b8ceb28a84373b2d,105,0,0.08979184722924044
1165cf6896d84926b2d1e4e525aa7213,78,0,0.18114532999769523
db01a046db9b4590a593d89e6d74bdde,473,0,0.17735434439054837
9f3aeedd5336467099737ca5d69920a3,110,0,0.15980162659156316
5e677afc461349dab7831fda418edafe,198,0,0.09718130230557759
1e19347ff7074ea9a9bcb8f37560cd88,2,0,0.12955235130633813
eea456833dca4d7ea82d62546ab4afb4,101,0,0.18089164052523005
c03cbc22527f4176a9f381e5b4c0709c,277,0,0.16381158198736467
e7fab3df46cb4658ba1f42b82e8008fa,794,0,0.13450385573446644
e4114509ac474c89a42675f97ea5b2ee,732,0,0.023834379509387105
9fa509f697844320884f423ab7600dc4,539,0,0.18395637034964651
e7ea350ac2c649279634a8621b9d49d9,536,0,0.13103209739886928
f37d2fd51dd24fcbb3c6f21779913ab6,633,0,0.1767180457443568
da242a29038140c6afe9a673ab354213,710,0,0.10163223107511288
afe301ae9e354eb3b19a88282a9c99de,679,0,0.03857162913818668
82ae36c4486e45bc957e7ca8099e8eec,586,0,0.019445962508594317
8b8dc140f0734312905463d4cc201604,247,0,0.07276890847032308
0d9e3f9a9937443d944c6c1f709618b4,706,0,0.14149791609181323
36ea3648ca6c4e068ce5823a240ef4e7,335,0,0.1766997396676026
d062f725388746deaad9c0455c9d8296,528,0,0.18141345147600269
f759b8930ac94da4884d5c1e7d33f4d5,511,0,0.165846137131908
1e82302f77a84d6b9819162245f6ff56,128,0,0.14154740953270278
841a04ed48e1469e801082bf2668d1a2,537,0,0.1672450968358587
8f93502abdcf4fd7a35b0ba6a8a458f5,646,0,0.07695907182685208
6a09e1382a8e4b55a4393a1db1758a1a,212,0,0.08709971420344415
3cce2e0e82fc4113a4bab0634bc5e897,765,0,0.042731100212486384
a355b5a856ba41279b978f5a1fbde2d1,560,0,0.1514453979309135
5c70447910af417b8b5454a5e4146fb8,154,0,0.16574905531790235
ffa9d189c4734e59893ddae37f0c0a30,133,0,0.09049100653292241
3923ba14c6cb4d0aaa12963688ae085a,747,0,0.18557820981433587
2c55459dd81647a49f376c1eaf4bf542,173,0,0.09744697213161407
5e9c358eee10478b9e9946e193a511b6,294,0,0.0874765194715556
7dcbe9f056794de1be4daf34cc623c20,327,0,0.1473051553542688
9b655b9e736d4453a9f944134fecd3c8,627,0,0.12240027269949416
a959af96edc8443bb9fb43de59bf4d81,618,0,0.1734830908550143
b0cb5294976a434096dc7093481b639d,274,0,0.16882313625340678
a10bf1656f0f40d49d0292cb62be2389,428,0,0.1780033805714688
f4d3ecac150b4574bb3f6fe8b486dd60,157,0,0.1743177429026515
72d45e3961de46c4a887ef2c7664cce7,542,0,0.1492185738150631
da7379305fca4b319c4a98bcc24d2233,207,0,0.1866851509617108
514e248836cd4010b5245e9573c4438a,752,0,0.11924684599604357
ff078d5cb30b44988c89fdb9ae81a9c7,689,0,0.13273487317824717
c5bb2119f23c4c72a6b62690f3a59a03,422,0,0.18757204873868133
898df926ec6646f0b96d2902f07db427,528,0,0.15714624600734717
f7ce74b50a034866bc9adeb547c474da,39,0,0.16987502536762433
11dd2050c6a54820975fb9a5ad69a187,604,0,0.1749025972925869
fcf222be85914f58b0772724f328f673,186,0,0.14631682209400088
5e4398e387f94245a658125a343e97e3,706,0,0.1323948318513289
317c6f3f5b52434699e86236c6772ede,577,0,0.02195325716047125
4f6aa45e1136435cb061a87052a021b8,247,0,0.13890742221474411
a98b1eccc7774ebda80242d429e590d5,157,0,0.1523307721410967
9826ab2a1d284a4c944efa26e308c111,221,0,0.16201136412072348
63b145b2a9e848d3b6ae3a7bbcf453e3,778,0,0.10108753636718598
c8ed8dccf214490caedc0f35347c8603,337,0,0.16914897812407287
1973e06866144147b0d3032c226eae43,132,0,0.0837027212598313
4106d4ba36784fab893b8a428d22bbbf,164,1,-0.010282734687845796
1ce969a0c47841e58c0e87d9dc1da076,500,0,0.07774049171986774
0e6a0ba9305f456197598cc6d597c968,165,0,0.16816996495933356
733111197fae4f1ebbef07d613668a99,188,0,0.1834171581619075
ae75631c0f504f9a86609c1abbd02929,384,0,0.1845901969466089
f19a395137a44582ac11076229c6388a,384,0,0.14092587280637053
e9c90dc48bfb4e50a393851436a5f7e5,0,0,0.029221156221069133
f05e747734634934bf42d5ed54182674,342,0,0.18328328428450563
df9b8879fe394b00832442331146a953,149,0,0.18340252552957176
19f81ab8aac24e7a9d9b4be5504383bf,481,0,0.03220344890629773
d6a6972451b447cc93279a0433783d59,442,0,0.17541982301322556
18e25cac9f0548a796556d440b70840e,542,0,0.11383531754999232
a8e420688bf94ca898f2039643ad7bb1,512,0,0.09860820061074316
1c181f85083643b0b216f69d9cff7908,222,0,0.1845059497806022
de87d0ef3cf241c18ba4ed3160a633f9,697,0,0.13536321620842184
205b7dcaa1144589b7ec555091a5ff5e,736,0,0.16648526901765154
3f98874cb8f54221bc73fc664db1c17c,378,0,0.11156892963797488
b1129475a8474af9a124c92fc1eb8ac1,660,0,0.16650633800885056
e82e49bd236a4e53981b54f864c0098c,356,0,0.1677633358328966
3f69a3e1f6b64fd4931d11398ee37fb6,628,0,0.1810666612120559
368e610e8b994c89a3b03bb55d1cf8b6,285,0,0.13273989561356708
a5c06983e794437393fa6f8c635c3c70,457,0,0.1618129136209253
8de8fc01a361474a907a56b2795865cb,748,0,0.17093895388145774
0373c4df2f1c406b8eca2e618fedb640,780,0,0.09835734560364318
6bd8669fa03d4baf975feb3d60a86ac3,14,0,0.16460229742350696
aba962c54584446b8d90331403cc95a0,446,0,0.17869989781052315
1472da3281254429a891469b47aeb1c2,560,0,0.10889408741669165
8ed1e1c01d0c498ca95e6e212e137532,371,0,0.10095599629349605
63cecb8cd28845f1b52406aaf4d49551,377,0,0.1480170445491567
423632db6a744111a7b55703bef96d81,640,0,0.18495103733885537
6b617acf0b534c0e872ea1307f745895,456,0,0.15155828026223583
916e3fe403144d948a2b68039d7116e5,583,1,-0.053177146462981106
a8cafa240cb8461aa07125f2938ee3b8,495,0,0.18626991857816222
35fda75897734bfb8369c98f18194751,732,0,0.025548844038679575
ac452fd8e70248ebae9e858a074fdf45,743,0,0.17275675422261982
512ae014cf5d4651b15372e5070a9b60,68,0,0.17827536510074288
aad5ccadf1ed4149b66c17855a35adcf,712,0,0.1819718719094846
9243d4fc68d2430cbab0b4b8f8fb41ac,728,0,0.16892315652385198
8e39419bdae046459bca76727624a038,755,0,0.07007586166432755
267d8c0dd1e144b3a12d4643bbdebf60,684,0,0.11839893383980449
ba7ec61c58a04d3697d82964c696e1ce,536,0,0.17996626448462666
a000d361d969427892e38929943009cf,37,0,0.09975151714244135
35e2e66cb4b148b7ab51a99e23f03133,789,0,0.16852104735302903
8c69979553134dd0b471f583e2c197b4,131,0,0.04148351160691577
b3cf6b432edc43df962ff7702f0253b8,20,0,0.14303010416212558
6bd23aa33713464597b05b6917dd3bc4,797,0,0.15375685206882977
a675688068b044e58337d868fd200f47,73,0,0.13183313932948082
819fd868a26d479da1b70b54ebdbcc32,31,0,0.06494384098534706
f7a2eefd661e40d388cf93e4109cad98,469,0,0.17667473244073106
41b4592abc024d3c8cf27cdcd2dc2a8e,76,0,0.18232448100474646
8c70f7c464254c67a38b6fedad0b523b,222,0,0.13702434374052475
ebab153ced7241e7a00b1a2fe599cb0f,118,0,0.17200687635945772
418fe5c08db448978a7d3240fa59f146,73,0,0.14782761917142961
a3852305f8674120bc5c00f19704564c,736,0,0.11488318380715934
fbcb5e4db5174adfa74f2fd001499405,159,0,0.17791008315455697
7afe7f7984484761bfb137dd08ed520c,342,0,0.12052243204738194
d57e6463a3c94fd09c41bb4459ce583f,178,0,0.17356345951109858
2f17f52f3e9743de9760957e0027994f,769,0,0.11830238204833737
de011f2841774725ab69b566e9a013ea,107,0,0.166230170304836
6a8490700b604f91ba0526afc522fdec,260,0,0.13032520418792826
874f6ce40c3a45d3b75afe21560ee692,356,0,0.13110943741791525
0b12ccb1a9c04d2db276b55f043ad8e1,76,0,0.16150811939326087
f18b10848ed4474299d2ebe55c46fb22,32,0,0.13442917990015102
d5a98175d5dc43ad8f162d335ae666c0,765,0,0.18245671288238258
43beaffce0a845218bda8c770af4ec3d,736,0,0.13075953501201615
94e1ccb2d49647b5bcadde85cdc33786,131,0,0.15370707289479807
8ad6e01574084b8caa509e2e7ca5b19e,101,0,0.1834997805063091
5d9fdfc127e74215a984101770b597d0,588,0,0.08382547339648966
df0762facb3549bbbb7f3ca6bbaf2db8,791,0,0.17812094182168015
185a4b28550a4806862ef12952e10fff,736,0,0.0876391133911566
00a83bf514dd461bad7ee0efe8d90c0d,601,0,0.08470162530218728
6a9a31b5523441d7b7b801106a7344b1,78,0,0.1836216677261458
91aecd25427344ab9911b87f23bbca64,651,0,0.15916199909170842
795dc3575c9b4fa39f551d450a330319,545,0,0.18130193814108725
701627dd03c1440bb63da5178a4e2da3,447,0,0.1649893000424229
3c046fe2f2c740b1af5fe5b24b2741ab,38,0,0.18310821214800732
2a0602ae70094c1f9a0d44127bcf3de0,138,0,0.17072062253432652
d48c650eebcf461285305b75315cc6b6,193,0,0.18017191636916974
e62fc6f96fc74ad2a0dc695f7902187e,632,0,0.18573237597660447
e78c7e3032d64adbabaeecf583fd8f3c,11,0,0.14109910654382418
82858641f1854b099f381d234a8b9b57,257,0,0.17772783577327939
0c41b858c7b649ea8e880c659a932b24,367,0,0.17309396584164366
4849240a588049769edcc795787223a0,195,0,0.14692211563180296
07bebbd6b3f74ddaa3781f37e7ec62c4,182,0,0.1544722727669992
a8e796de35fc4a688bcf992218978b1e,85,0,0.18470993909521088
d1e51db0bb6543b6b9d45107b90ec748,84,0,0.17897334437104578
ea61d2626c2441c3a2f0e953d6b352bc,119,0,0.1462211018444291
66c40bda858e4860930b7bee656f6c29,698,0,0.15768738606677957
9e869d3975ff487398a136eabde64313,113,0,0.11417264364480456
ec124d3bac5a4de18cc2e8940a282a98,245,0,0.14379414722394745
fbd1a07b50d042c39a7a7601205cd6ac,221,0,0.14989323155233764
ab63aecc18ff4bab8d81c2269b9fd147,719,0,0.18043049376201936
fc0d276ce0754a608de42683d3c1185d,362,0,0.18545367927439943
ee3c64d316ef417aa3e128246cdfdf77,636,0,0.1810088815413881
d3bed4d9b9b1447985c1aabfce118ce0,779,0,0.11343730253964873
ef7fb9b4a2cf4bd2ad3081faf41d3b63,302,0,0.17983404599270303
96e1fa15398a4cf387c1476c359d6eb0,294,0,0.10824286841037861
e6aa0e361ec14971b947f6cd71c6c4c5,401,0,0.18111749145930206
1f13df6e96604641ab6f14b534318175,769,0,0.05728651868791784
68ac9d818a1740a8824af2c86c5f430a,759,0,0.17975952931651973
70263836c016429890b27919a0b9e833,422,0,0.1852943203369784
a021a08ec2b54846b16379fbe6ff7a02,137,0,0.18018431626518316
048053b91d6548248007d4484cc3cf3f,712,0,0.13668987610837752
d028d5419571479c95b513182539f22c,449,0,0.15484353814151908
1e8f2a2c115641c989eac58da3f30b6b,362,0,0.1619589519461302
7f77c5679df44c9b9343d1b0571f731f,329,0,0.08968903381902965
6c443a1948874981a041387b91d84a4d,298,0,0.16358736100349586
c839c0e5abb2483c9e75b068aa4c1889,76,0,0.11504468037125093
80097085136d4879ac55a158c5d4e8cb,505,0,0.17022851060842054
d7dcec03f1444db8b29ffb9a3bb6fe09,1,0,0.16997004456734444
da8f2663d99f430fbe1d87a40b109b23,552,0,0.156307924036444
a758af9286884c03911943e28e6e4812,146,0,0.17824816979216024
d0525eaa728145468f39859605c9e893,99,0,0.1547326832602437
b03df851764746b0b421344f90753431,547,0,0.16986928690006958
cd7f3d4bd19b4e66bd0c865e389916e6,272,0,0.11804052408827381
35911f540e914607885191fdecc7298a,662,0,0.1778903609395785
740b367508e84c07ad5b3716d8cfd001,454,0,0.16501888543612847
02a1eef1eaf8443f965d544d1b684e87,663,0,0.15647187807191737
05d33dbcac3e403c9e6616215a399f7c,422,0,0.15788031939158553
85d12c40a6b24a27940e50ced4232f5e,543,0,0.17795737092963893
eeb12415a6f54ddc85cc88c90d70c805,410,0,0.16903064181992467
4844785bc47b4d99933a30066ff71e22,196,0,0.07301851479608495
0cabaf78b472449b87c2c9006d7595f3,194,0,0.18096568291991177
1b8424d000684c2f82a58f23ab750f7a,554,0,0.16797184490681744
d5f09d12ece640f9bf17b6386cd0e962,237,0,0.18301076649019182
230b8070587045bbb1689ef5e94f6d3b,337,0,0.16642979965149668
d0f8bf997af54191a035847e5c5ccb1f,313,1,-0.03692941548742412
f3932aa0515b4577a2ece6523fee5d29,607,0,0.1798774416974842
aaaaa230580a42fb9dbe504bf219562e,207,0,0.17999283092017326
fd1dd10f48cb4cbda7d25c8015b685c2,535,0,0.06298970126882925
20d52a8c060a4d2799a956efa572e1b2,387,0,0.09723615726255774
92efb812bae641f6a9ce3ace6cca76e0,636,0,0.1458005955295662
bacb1f4496524f209c498a87004e77e5,752,0,0.18391467123699357
ebb382fe0fe647fdbe7b3881969cc22b,590,0,0.18223371527264282
17f148f32be4466bb3278c2ce11bf1fb,18,0,0.17295477168791512
2851d6d134b144f1bf1c43352fc30a91,259,0,0.17256668584746615
abd23ba80d8b4ce68bb073c05149389d,122,0,0.16779443512235642
5630f6f98a3746a4acbcfe8fdc01960c,44,0,0.18038732066580365
e9dac1f2c9a240b4aa69e1240c307d79,206,0,0.106070049271564
8fe27e520a05420f9cbeac0ae972dd9d,528,0,0.1683286245378744
44dfd92a8ac9418e87c7883a74a2723e,527,0,0.09729427762036952
1ee94686ce9f4898b9e49bc344e11158,244,0,0.15411786056469667
789678a48e634ea88a7660726cf6b954,620,0,0.18161798268317808
c54fe6731011451aa050f5388e651267,110,0,0.15193587796251612
850e1736236f43e19684620213b6db85,148,0,0.18535558383861256
b98db076d67943f1a55e4f100ebe2584,689,0,0.12483787702502402
caffaf3a0d734051a109a2ff366429be,438,0,0.18121696419218541
59d3ae994f3d4ee7bfde594c5a2d326e,652,0,0.08197649368203519
26cebda2321b4ddcbc7a36bf3e976d54,225,0,0.06123413010874079
c8d67911a2e947039928a6fd34e2ee96,69,0,0.17197980338837326
5c495cb0d4aa40518b3242eb03dccc65,447,0,0.1129592773622824
3419ac333f584e0aa30b8a395b72f7a1,787,0,0.13550579309956579
e45bbcf112884ff0bd1070c295ea5b63,454,0,0.15659142249876257
fb0d5f35e2ab4e7a9d665bc8901d8079,507,0,0.17919149582051758
cf33a6243260450d9c13c9812c47cb26,266,0,0.13972844259692313
d3a93cca6fd04b43857aa0006fa8ef79,261,0,0.14458604609874404
39e68d0e1e894879ab7673fbf3322b18,743,0,0.1799708070481288
5165b574462b4b54a0a7597e92b97ff7,692,0,0.17059086250248962
cdeed7d57e064d629e92b8bfe62d2354,337,0,0.12241266425357294
9e5c0ad9fd564fbb9c76ff24d56cf3bd,129,0,0.1828679477745046
efa5b42db87a405f80000acf7044fda8,489,0,0.1285646483899614
5cc82252c33f4297ad0a6d22ab89cd68,352,0,0.17593346834405515
1829478e273446d787506630c1a7a92a,428,0,0.1681725633339059
e855a68fff58486bb17104af89061280,583,0,0.0684955336629452
0f79830099fd4ced888ea3d3e143de99,183,0,0.17605234854209706
c598d81e97eb45d28f691bf1292dcd5c,619,0,0.18044270510804467
d2bfa8a036324f5ca756b0cbcd36c294,672,0,0.17376605388169442
0f10af0c688346b088055f55b6152d57,407,0,0.18444056822580124
ce90101f98b446bfa5d3c010466fc597,11,1,-0.033092010180458487
564056591d8c4ddea285abce847bb3b9,707,0,0.13113839746079914
cba43bbcf6b2420fa68d874901e40496,277,0,0.1860189912362572
ea2ce1e61fe643e8a9dac24ccb2f53b3,596,0,0.08267419029044071
92ddb29af6f44509bddbcfe2797e0e36,287,0,0.17334990545835816
16cd6deed93d42cb8ff51c0cd946acb3,265,0,0.1713349825398558
3850842c05dd444288b34017f09be859,434,0,0.14627740259599803
9819f1f9b4ce47b59816c9b5ed3ef63c,728,0,0.17914433554286852
e9f13d03af2345d89ec25ec1dc4c04e2,462,0,0.16632522341478428
ee741fe138294d10a6be1d3dfa7bd9c7,169,0,0.1716874098036278
6f2f44344b154e259a609285fd3e7967,563,0,0.17546090172510825
f439d8591e7a43329f6e55443cbe7253,349,0,0.15828485761746341
dd3a72f36a874efb953775d6293e5a59,160,0,0.1708408601749793
ea70532040334d9eae9de0bd29b46b64,87,0,0.08043024202666027
c2b40669ea2b42ebbadcc71d7c82b2a1,655,0,0.18930006971395102
8ae0b908d2d64e94a72cd9a4b9b8a7ff,120,0,0.15324613123042502
098dfdb77d854331bd9fc1cd8e6f3bef,123,0,0.1689279195027149
74c066c7cb1a4f7a982329fb1239e5df,632,0,0.045254510949627735
4cc8b8e2d7604c60a059a6d35c7d329e,491,0,0.16497413231667274
d0b15403282b4bb894b82526deb68083,77,0,0.024800864591291105
dc3fc389205541a8878d10fa8bbcbbef,644,0,0.11547976452424064
551df2fcf54d4c4eb242aa902b2cace6,565,0,0.1556486402813978
3c191a21e58d4013ad92261002a2ac75,104,0,0.15702416986695894
50c1877c9220489c8d35a58155e63f35,611,0,0.09554123252715319
441699c8b17c4f3cbddf3c3302c6544c,71,0,0.11115836908796989
285065c771e04d278a4c56565dc75b01,131,0,0.17501998609367297
dadd2988ecc0482bac8bfe77bf570827,67,0,0.09270939814293694
b1fe25cba6474b329fad85795348e66f,67,0,0.12899693037081772
b1b11eb9669f4494a3ebd96c6922b6b5,618,0,0.1767752022553276
867952e8c2934dfca9e6b1bacae30c60,467,0,0.15247868874792092
6bed7e2cec0a44418ca8fb07053a5a79,119,0,0.13682434573200564
a3c3bda4e4884274814f585dbff29fba,320,0,0.16923269846405753
d3de6cf059844acf87a60503b0efd495,248,0,0.14418924041362885
f081b96e3dad4855ae232e96814e19dc,179,0,0.051975714787371896
32c6efdfea154361a83576726a33708a,610,0,0.1797682963995721
be18087448c3439eb64b1101f52e0bb9,584,0,0.18799779850116471
ba0f942ccacc4ce383a1a5df71f5292e,673,0,0.19052918842780586
4387a4a14c844e90ba0fbc48b1f5ece8,313,1,-0.06585871096099416
617bfc89ec0144a0ba86c61cca434471,482,0,0.18056968096944825
11e2694ef16c4436befb8f261bfb0989,429,0,0.0482998565240918
953e170bd643460c886062ac96a9ae5d,593,0,0.1608822927658115
40eddd26d9d147959c82817977c29a34,198,0,0.08543458420285271
3b485c6cedad4e97b483d0a4a2132a9c,197,0,0.1845762863743987
7ea7bbc0165c417cabfa336b1ff4bc44,23,0,0.1753670680978956
5bb5430ff98b46c19b5204cca701aea7,143,0,0.18245574540622406
9c1757c661634305868adb8e35b703c8,457,0,0.07148245714274787
ab2fa4cf414b440bbda4c5e6aa693d73,441,0,0.14390692217394285
5564ec1737264f91aa1f1488b0e8b46f,589,0,0.17776809595371207
fdba687e4b044800918badef2620501f,121,0,0.14799697427753056
9060a03b2d6c488d8a32fed3153d7735,740,0,0.1123594538994504
abf18bbe07974fd0adc8387a5ec5be8e,610,0,0.12804666069909398
c793149148c444058e5e9612fd29769d,682,0,0.16475729388631832
c0b471c8332647b391447f9fac3e3246,397,0,0.0029602653254798827
7af352f829bd4fc8a4d276d9519bea52,334,0,0.17863488946180556
4b326963470d44309c5800d3991c78c8,280,0,0.18081978961639944
b8e32eeebccf4b588448d3917ef6f653,268,0,0.16725283432046434
7c331aa8e18f4c53bf8de438e566c92c,352,0,0.03567908701737754
8e026f5d52794190bcd81b3a01d9ab2c,638,0,0.16162095951547034
6f89c88f58dc486b8a5c64c55bd90802,636,0,0.1845183455386013
b8d51e10b2d643dea0994d62af0fe9d4,240,0,0.18427660943400648
5af5e20d2e20402898a6a5be19c5473f,377,0,0.11336416986878978
35f45fa7b49e426eb4ec42767c2d69b6,407,0,0.1068690182185052
83c5758348964bb98124b6c1862c9368,532,0,0.18714339362906485
92c90cad82704cf38ac3b64ec626da8b,215,0,0.03869300431053069
9c9bb497ecaa4d148eca11fc85665143,622,0,0.1024138705712141
146ca84710f3448ba2358eceeb705603,442,0,0.11157452439853627
2dcf9cdcfd114f51aeee336835fae4e6,759,0,0.16794836090346227
5b1399338ea441e995dd0475b4e6626a,552,1,-0.011302471061378383
224332317e704a13a4db8060e1eba21e,282,0,0.1723201524704785
ccafc498547049588deaecab31921450,99,0,0.17047490922297193
81617e1ee1a845a2ad91526916e1ebb5,734,1,-0.016049945727808046
ad77cd03031a49a5b938c238970994b5,100,0,0.08656987021124712
6b4d0d7bb01342dfbde64804730779da,405,0,0.090516708448101
27654ed02d1c4538be4d13dd1d826c84,694,0,0.16291473907861725
7999caea29da40199e67e5a1711dac97,340,0,0.18612922836409923
42963d3c70ec4f7d986ffbb5dbe2f156,43,0,0.18907416435589086
54769025616b4842986c6b5dd342e4d4,604,0,0.1798170446099822
e2e4790379c84e6daf9de8d7f678e8ea,649,0,0.16705805648250766
762b51919df84d40a2cec12f80ca37c3,732,0,0.028820629694370825
021e04ea54974bd2a551f4df3fca5d86,565,0,0.03975480691675792
2da04130ba0b4facac93812cde8702cf,363,0,0.09108973074528848
b52e62ff1ade4734ac1bc59063f9b7fb,564,0,0.1682362668091339
4eb2aea3a5c242619116a09058c3226a,606,1,-0.03012978248655418
5effa0f9087a412db08541faba19240d,73,1,-0.012370191539163855
89e1ac14ae0f45f58f243f0d39ede0dc,34,0,0.16507117422653006
8510ce63fba34e608cf4b04e133130b7,745,0,0.17867327261231908
410f29f08f0244faab5e5cb6473717f1,256,0,0.0696736424950446
0ca4a69421c849d0bf82ef2bf390a08a,585,0,0.17688763639237615
7da25fcb02cb40a782a403c991bc2db7,80,0,0.1649286717456641
1a56abceffcd4af2a2e61ffeaad1fbaa,733,0,0.13665182533232406
85c93bad209a436a92fb8bfa0e9226a7,456,0,0.10512033347634003
dae6ddada9024db783613bdb77df4dc1,341,0,0.16807094957264068
75f663126d5349b39d26331632bab265,113,0,0.06496274390856355
a1b631c25d0748539549dd0b7222074e,78,0,0.1769655682296235
de6dad94488547478265000f0987d099,577,0,0.07088641225059583
68f618a7409446079186d0fc41f5a553,1,0,0.18090043663341704
7fb96c6c4a2848c5bc6ee7e4dd1ec10b,712,0,0.18054108757846277
19425ac171e743afb6ec8fa5b25cf54b,377,0,0.15392031967104375
a7bf0c15501d4167bc9a52d31268befd,196,0,0.10000441970969248
2d88c285a2b24048a77eaa7e51b2b3e9,204,0,0.04909841724885261
14ac0da5e4ba47228f7dce735c5e6771,537,0,0.18643583713909767
835509bad6714823ad20a44feac093a0,156,0,0.1494829610376025
f4fca7d30fa24e5e81f03a86485349d7,26,0,0.1823401416841255
3e049cab8ed74d0aa0fb2caefbc71368,125,0,0.048359571897736986
b7850e2f2db446fcbfc64854560c012b,358,0,0.17884314082339625
8514089f491a4269aea16b04957283c8,86,0,0.16129837515234524
3ef755b5f9c04404a87ae5ee66fb0b3c,365,0,0.17620447488173746
9bfe74c3e0154854acafdbb50d623ecf,252,0,0.11913105323863848
ad170f6baaaf4ced8d167a6be1e3ed84,131,0,0.09360532380438952
3c4643a1e9d4434ba76a019ae08811c0,491,0,0.06146429458889391
7574729377044a3b8d346220ea6f582f,679,0,0.16154326936172425
26ed9b11bbe54352a8c2ab32b6567aa2,469,0,0.16062312414167923
de2088a282b8448b988318a601d6e18a,663,0,0.1522896108971839
28302ddfa5df4a0db2e4d42cb513828f,640,0,0.18849292006798202
faa8f62e05a44de5bb5fd0c029ac147c,250,0,0.057388634855890075
ea09dd0fd45b4552a51ec9aa1ae99b06,388,0,0.16121702953647238
43eca202d2d94a849a86268fa7eec375,141,0,0.12256966483721887
e6921c9c3c6641ddb0f306f889464764,118,0,0.1711491360383675
39f997141e714c8d97fcdab095bf2313,514,0,0.1714149517754654
eed79cdb074d482b9d0e0de7d17a4f8c,489,0,0.15607695906818536
0a0f9ce9bee949c090e51c62ea60fcd1,530,0,0.16650322008251645
e7af013597614a17a296419b28275f29,605,0,0.12367637662853237
fa46ba29fd8b4695b71a4d50e54aae94,15,0,0.18642524649601794
52b59763ab034933b7a73dc4711a8f91,632,0,0.17673653679179596
b8dbc7f46fb442b39ae053bd5875a28c,26,0,0.12965325464101574
047f48c6b5634110ab73e492bf7250ba,630,0,0.10422525029351654
0a45b8b28cd24d95a6ea858d07abb752,188,0,0.1692325236283117
84bdf3aadec341c8873886261537420f,378,0,0.1030201077791219
88830a200cf0443a82eb4e9ed83ae1e9,141,0,0.07791950704721962
619e2331f060446b826cede32c08ead6,237,0,0.16809707224549397
c08cc7c26e6740c897e4a3d7c605f0fc,415,0,0.16940604555681849
3babb7c91865470ba1d09f22ea5f1a42,694,0,0.11813525782033585
208508e2be5348e6a5e948b91aa8d7ec,499,0,0.13505172826570994
04809162d6d44f2c940745f12e84702d,734,0,0.10225617911580198
bfa3553809014950babf381cba0f5c94,378,0,0.061918788465855024
7d456ae8ff1b46efac7da44ff0aeaad9,201,0,0.1765763942852448
64b97ebaae304b8596b3378bd0b168e1,182,0,0.150206644734368
2f7a7b1e638a4d419e143c4029e23ae2,738,0,0.07133701934977149
37b4657fdb3940ac8986b4330bd45bb7,211,0,0.1772887590618939
1f50ce04d28245d58cc7f903185793f7,354,0,0.08828426395879863
211e1574a5d34798840da7d4a2c741a2,710,0,0.1707868435985866
1f1d08567aab4cf6b8016adb6fe9aa44,61,0,0.17520291611403704
6c7a3f88e4224c3eb7246115edf77d5c,521,0,0.17576418592703147
2411bfaeb58047b2b007a26f4850e70c,236,0,0.14334306989320927
017c717b8df84e81ac87ad93b26fcd27,53,0,0.1779767404692572
02735c6cc37749a89f048de73cbe4cb3,752,0,0.18280441831760513
bb6e65f7f25e4760bf30805c2e9681e6,451,1,-0.010977810684968725
c66548b6bcb845a8b4e0430c3fb063e1,473,0,0.13847968694750312
612b13bbf0fe405eb74df4e1a55ce651,649,0,0.08984836042366928
86e80cb54c4644ca81abbedd4bdba85a,532,0,0.09827291997027049
fecc7959b8cc4910959a2cb1b690cf95,218,0,0.1021333813134403
14b5e840208943689a447e5587f64a6e,215,0,0.017643661689877632
6787d752657748ab9db26b31c8be84d6,154,0,0.17968004976800922
60c5f2b94a494468ba926a139b9b199c,653,0,0.17917168850980336
79f5d9628ac0417aba166c3ac9117ed5,130,0,0.1808784349577537
16a7d9b742224ef4ad02c1600b4f783d,661,0,0.1826589831941121
86692faf76b64d0680c159f9c81b8500,107,0,0.18457571265455097
efb76c510ecb416887ba91238648fcb8,159,0,0.17260281053715848
1ab1a95ea94f40aa8ab874fe6a8f0f00,189,0,0.17385472304396693
6c319c8467a34061b2acf3c9c5ac9d7b,299,0,0.07681072263780253
5505ef7cc0164a34a481070bd91aadcd,385,0,0.17065275552897868
62619feac0164f34863d334c267c08d8,462,0,0.17651498542331506
cfa438b1e49e44ebacf06d2dd3bbb6a9,350,0,0.17590373169202783
a52a9e341381489ea8d12d964289ec4c,383,0,0.18234379381323118
16edeb9bb76e44198612c97beda9a993,406,0,0.15743673586316925
e8424dc976c24e22aa5bff9d72a73062,738,0,0.01570268808515607
af6169e242bc40c187b4895adf1baaf2,594,0,0.1677875930681449
8ca700b5455841ed979f4556434003dd,384,0,0.18760001683040634
b59cc75a70614efa851a830df325a338,421,0,0.11761902660244805
7da8473d6fca408695258ec23e9598d1,713,0,0.16865765067492278
3e4a1e35c9c04c889e07b3d6aa5bc929,385,0,0.15644098489881464
3fad8a29c44445ffadd77cddbfd1f9ec,277,0,0.18550453920488696
2f5113af41b0478996e968bf54d045b9,183,0,0.16403078401885668
067622f40958428db5fd4f4f968486fc,701,0,0.17185620221674064
08a27b0b789c4af3baa49713043c8867,146,0,0.17510765112429977
75068cbbd02a4715a236a4e2a1ac11a5,611,0,0.18678075884988848
e8d64d33cb0446c3b55c78c38353a1c4,498,0,0.18273943255406777
0fa7f2c58728471c82bf0fa26196fdeb,482,0,0.13756380320755207
13ecbc131df74aa4a8ff8297abc5ef2c,514,0,0.0321692482705484
32eb56db83984b8da4ff59876e64a660,211,0,0.10883359794321568
b22b932105614d9b8f578a60345b020d,212,0,0.14835740035243322
b398f9599c634e89a6cb032bd6290dd5,215,0,0.01942825546290805
2498dc31227947c9ad98327ec0042a79,285,0,0.16518098722084906
24d71dd8b796474ca55898bb04ab58d6,35,0,0.06497090728080718
a2644fd48abf48e48de56b4a394c40b3,107,0,0.14889889942364876
0346d7f36f3c46bd9d5c71b5d7fffa85,132,0,0.1818755150370785
d6ccd0c1a7084226891cd52335c8bb27,480,0,0.1732908550358051
88f5814ff17b407cb0f0add19c5bdc4d,686,0,0.18488010411743933
b83848ca1b0a4b23bc26dde5b255c9ba,375,0,0.18058651960697664
d5abda962f6f4ec78a60a63e256b80a8,271,0,0.13064841124114018
aca48b1f648c4f689c168dc2aebafc0c,423,0,0.16261265697429594
dfb316f0823444e79d5dd14a3f70c2c5,191,0,0.0822162062422645
342626c9fb534fa79a7d73af1bf7250e,406,0,0.14702721745921832
a20ec7626d904517a32948e98796bf3f,365,0,0.18104434346913223
407f80bcea484f178779b940b09d3e75,414,0,0.18221693126577676
4f5f96364c584f45a2e76065e4d200c8,565,0,0.1562853869669778
1677e6723a734fc48368d1e24f3cfd1b,88,0,0.08595683115650588
477d6c24debb47aa88187cb2ecb3d811,221,0,0.16930030437354066
ff5163ceece846d09956296026dbedd9,205,0,0.15756243921002477
87af70b196ac430a9871f052d8bec9c9,555,0,0.17041530971517388
2f2752a4aa364653a69ebdbcd7a5e72f,244,0,0.16318696835676505
2556bad6e6664f6a9f2af4c1f0da5271,496,0,0.037808058639184294
e5b0b2a611bf4d5eb2895fceb8c15004,16,0,0.18297724413837252
a6fdfd721e744a298da221931c666675,698,0,0.17099022223857885
a29c476d56ec424cbdee93b2bc32fad0,582,0,0.17940069909544143
c365e4081f1849e19d34ef82bc205d82,335,0,0.1737062492896259
e9e8d7b6bc6c41b491eea202df8fa405,128,0,0.17446027468818776
29f25399638a4e92a1e528b288b53df8,695,0,0.1784571796779797
8a2b731722a646bcb8b32049ffd402bb,426,0,0.17426529316187378
d54761187c8641109061e9a5aecdfe96,518,0,0.18653711878304713
ca32207d4b6f4a85b67f679b47a3260f,796,0,0.11693929808882159
528fd36e956c488f941d5afc0de1b5dc,265,0,0.18094679736637997
457a8163951b4d6abe48524ca768da63,720,0,0.17849430937792116
1695e8ee22294fa29d25f23d7970a907,322,0,0.08024879147820962
2499996c594c42b7bbc0357a0408bd31,633,0,0.16853886294166226
ec1e3b10172944d2ade639d220070de5,453,0,0.1700234933447421
1c2d9c10632546f78e41a080872a6367,404,0,0.185549722487366
4acf963c996e48398b8a9e132678c615,177,0,0.14606774192328031
b108448f7b0e4c6cadde09f08a56a097,108,0,0.18860701824121795
9adac870f59248fca9b7fceccecd76fc,738,0,0.03375484352898994
6a4ddf5951d8435a8f2439c253af6300,490,0,0.1749211934583576
233c42208ec5469ca06dfda17e9eb134,137,0,0.10783709425946025
06d91218e2f44f259ed03fa52353e7dc,596,0,0.1809405063306509
49bd377d646142a8ab7f28c6139f63b4,373,0,0.1600727214967611
e857466ac5274c39b2c0c4e1f057d70a,443,0,0.16112742714562334
d7f1e7ab86cb43c7bdb7cd8e014eb69e,64,0,0.1670246661839383
9f0c8692b5054353880adfdcf356af2c,430,0,0.1321113025089774
cd1589184b5c4ce19bd3c9c1fdde0d12,770,0,0.08076935114690226
41f618587a434334a27e3671cb50b012,422,0,0.16881887181143268
c5e33092bfc4461c81341e87eabce6a9,141,0,0.08633023670826795
bc97bf55f05e456d8fa77b55492a7822,726,0,0.17596124364504478
d17d49acd9d44916b9c08bbf77e60e9d,696,0,0.047694237363170966
82f1762ec41f4041b4d1d966b8db400d,202,0,0.16651467680448284
c1d0949fdde24461a73d8fa33952f987,308,0,0.16146554174355138
3d1ade194f02412a98c847d2462a852b,604,0,0.1540501740146923
35cc082aba2f464aa4a766ec394525b8,750,0,0.1817900539138465
641ee5b305204051bedc9307b2a01bf2,32,0,0.11812346142934699
2f0f633da82740d3971d8189f6e83ce9,172,0,0.09076009566652737
d2d9dd09fea646aaa70263e9b174e20f,749,0,0.1335717496840791
58dfa0bd40244b489c51bc7287940cfb,67,0,0.16702516012062574
5d77d79f2f654d509b4f939aabb88c32,718,0,0.025272577005851005
667c8003253b4612884cc72497a2d9a6,654,0,0.053300956070418126
8170460daeff403196a5d59332596fde,420,0,0.0893715090696155
ac297ba636654955a913211d43937899,407,0,0.18297848650300808
b16d2c86edc64ae0aaef2dfc5299fbd8,743,0,0.18495511499700062
eccdc2e732e347c0ad95c8cd9133e52d,524,0,0.16464690157960798
00dec6166cde4219a1127164fff7c315,570,0,0.1609740306407858
781e23ea3a8d4255a774bfedb81478b6,577,0,0.18004927244786056
3e2e37ed45a44437acb6bc1e3b38b7f4,300,0,0.18069634245126215
f32e1e6e120147fd924b926264a2978d,329,0,0.08061248874773036
f42496b91e8c48458dd0ff906accb9e7,529,0,0.18127272742993988
e1a0280a78c641cb89f9f9b77a5ec806,477,0,0.16703162757615875
d48827476a0c4957bc85d023d6ad105b,439,0,0.17968719742395123
634a51a6b78b4e588c84b0d2ddd28f4b,698,0,0.13359051400374966
164182a0a1ec4c4b9ae067e7a1fa5a94,510,0,0.1480269854550647
f0d431a1bd59459a9a14825acce62a42,383,0,0.18086956060904535
158d6e311d8448bca21e6acd3f66df7a,541,0,0.1887411184795304
bf3d66c746d14ef68e7dd502704d1455,608,0,0.14435807878794554
d3f3e8407f7d4bccba9614c7308b89d7,91,0,0.17840735967165056
8cc630b17bba47f18a884ba0435fa578,630,0,0.17780118860942112
aced251f218545d6be4548674db4e316,454,0,0.1865843762323679
007395082da3479fa0debec50dd725fc,571,1,-0.02795670569511266
4cb1fd31a0194f12a83d981294e4f14c,105,0,0.0996672037954115
7f1364573df646beb83dfee9d22be6ab,278,0,0.12639430518819889
50abd39858304ae2892dec1b839adb22,387,0,0.0365318538349057
899e3ade95c84aaa8648766c8b9e0189,603,0,0.15065202437176262
8d7940900a544c01955aa6e880317b25,364,0,0.1524407837467403
aa3a65b3c6914fd48100dd8b63c23495,401,0,0.1861494967958925
d5da2d85d0e24f8a8ac8a8d835b3e404,661,0,0.17966710934118751
8931ec9b682d44ba8a19a6fd6c2519d3,194,0,0.1767401680607566
2af18e5993b84aaaa2616d8d8622bd6e,316,0,0.1834719315999016
3ce57a407f49432bb4054be98ff477be,793,0,0.17698629087373352
be03bb4783a84ee48117e580602e1135,401,0,0.1458566455327695
fc770ae49e3c4ea48a001630b647a1c4,729,0,0.005907676494920522
c018e7f605cb45f09db2767382636cdc,414,0,0.09034116536504333
1987c5807b5044aaae3f59e9a28e7402,118,0,0.17713656970817065
a72e6dd881c344febcd7526c2c8cf797,652,0,0.1777753301330004
6acfb750bb6e43949f31e05debe37627,275,0,0.09556984193847884
6838b2d51aa74b48a10d2f3f388f8456,344,0,0.18216491867942158
9a5b0718ff8c4d5391dbff75d1fe387b,422,0,0.13869643377885232
e7129669106249abba674269357627ed,720,0,0.13927795116074904
99d60c7a23404727bf3dba53b07172b1,224,1,-0.02729008864952176
8fe32da434914291a5a6fda3a4d8baa6,317,0,0.09933712418007584
290f07606cb146868d441de2d54da25a,708,0,0.04456782432291401
cc892833252d467a9117227d57470074,377,0,0.18886349776893768
2f2d72a8e8834aa99333f661b43c6128,237,0,0.08720519854361791
64ef6094caa14affb8540a3583974e3d,622,0,0.07750337203307933
1a8be5083f9d468cbd80efa79eafeb4b,596,0,0.13524849336641404
7049127645a24f03964042bbb52a834d,289,0,0.16413154531643176
01081b3960b24ed9bc7cf8e7da175b77,577,1,-0.004364198294311783
65b834fed3b143649fb06d3dbbb89e4d,633,0,0.12451354721499297
e6045d19684f45cdac4e3cca620616e2,690,0,0.18141744986984315
7bdfbfebfd9346eca1909642f24e2253,493,0,0.11308956662025377
8e029dc2bb8f4f7fb3d9dd31f8c84bfb,719,0,0.18810735022631847
5dc896c1a9cd41bfbe7013ed5d208974,289,0,0.0239465414707431
6de00786452a4e1b88c961e90a101853,649,0,0.15912868793175955
c81675cb5ffd440e97d6652591f4a040,574,0,0.12644362680928262
26c5d7723fa7478399bc950ff1958214,91,0,0.1595474298851105
05bc011a45c6457bb40b09d0137072cd,415,0,0.17963040057373664
95dcd0af3ad94584bc23d031b4f2ab20,595,0,0.09367637844534771
7ade8d80634d43b790a1d781961c1ddc,297,0,0.16835934498309063
3a85d58c67cd44628ffa6580352c1fbd,757,0,0.17551006298950084
e5f1e047f42842e29879cfc613268f81,667,0,0.056999124095373555
b35fad0b137549ceaca9b6dd8ef557af,560,0,0.1787689150296674
31c383c9b0384ba482f07a19e99c40ed,640,0,0.17141234726703586
833fe0bfe8cc4cfda4739a7dc68c82b4,686,0,0.18832024148421084
47aeec536ea747a5bbfffacca9415728,168,0,0.18652432785113265
a7ee4086eaf9487788b162edb4318e21,472,0,0.17572237956003767
afcf9ab8e54047079ef60cc4b009c36e,554,0,0.14947702719179734
5af5da805a5b465b8de7139c7f2b9eaf,491,0,0.16521422484273668
909cf4f53aeb44de943379ffeb7da612,364,0,0.13458184172127796
ff70d1a695184b39b77e8759baf1955e,433,0,0.12206644116482263
fb21f8711d2e4118b130402bdc75d44e,697,0,0.15939266123952173
72e3220bc1834f118899d2a00b7a0304,710,0,0.17852520267299865
5aa92511796446c5bb1df8be02fed349,401,0,0.15144839034981922
c4916b81fbad49b08477e428b4460012,514,0,0.18058219405727177
9829aafd0bb646829883f6233adec73e,72,0,0.07548325911913512
a0dd2b327b1a45f9a73f5cd4b151b8f9,247,0,0.18730915757934818
b36000be88c54ad5996fba83e31dd62f,91,0,0.14133937756923898
2548e9437b2a44779119a3b5626c8880,532,0,0.17325892414078514
354510dc41344acf8636e6fa12d9f6e4,221,0,0.15983468921782096
a1ecb8aff041454fbc2b8833a5326a61,182,0,0.1487552320800229
f5ae341a6f604a5b8e4943e98014cbce,630,0,0.04961616247463457
490c86da963144a1ab8018eef711f6bd,696,0,0.10689924025427466
1c5bda1c94d142689ac20467cb26b8b1,709,0,0.1186782469597466
204bbd1e48ec48e88ccd4347914b7152,608,0,0.13293250168221887
d53c766a45d44073bb800069702e44f9,107,0,0.188607463202414
44213f79ffae49ea9d910538ade2525d,477,0,0.1305261815304501
3e9256565fd44e678838870e5aba33a0,105,0,0.14144853572806632
c3af178621f148b1a13fecca0e9df4ad,55,0,0.16990188245034527
498894811166469f85e5151d392ec546,611,0,0.17482539999038788
21f5bfdd87fb4ab9a05578b7ad57834e,26,0,0.1735091954116813
2e518c5117bd4c5490644a31789da34d,280,0,0.17919932367361957
3d3ea2076e494bcebd269691c6a5c4d6,520,0,0.13272394254246178
366bc5b477e041a9a0df83e6d2537622,770,0,0.09922015588645816
f6d0ef33416e40f397657727a919fac2,365,0,0.17880665468504764
706aa1d235054053913a21a7c9c04842,474,0,0.14904190175089455
efb0c740367b43648fe1d51df3423d7b,788,0,0.040348845803385436
a39609d18afe46d899b42edfacc7fbc1,185,0,0.005558440631794781
117cd2fb3cb84f918e7995169cfdb844,101,0,0.18185134818600046
74475ffe6c554e2da3220ed0f1d91860,734,0,0.16218621456738563
fd5d4c54f2b644ffa85ecd6e0519d50c,407,0,0.07349745164508137
afcc37b6b89646b59d54694ff7473bf8,373,0,0.15778523636594372
f6ded77cf406403aa3fa527a55ca2547,462,0,0.15885825311815327
91b723f01dd34b629b0ef41504352abc,438,0,0.18019045668533606
a7026f3fa16a4fa89ab52a1be3d9168e,740,0,0.1422965365943593
c24789c05d4e403c94a278b29d1c6442,374,0,0.12340292089185834
7de9b4dd1ab944f28c306a89721eec42,747,0,0.16679113787442518
070c681b86824f03aea681daa07644ae,101,0,0.025825322667315742
5bf4e68911284befb237b80a7fb3cdd3,467,0,0.16461415091280346
86dafe6277bb46e681bd7197613ddbe4,558,0,0.09870255245220716
00cf9b5c3e1e4069af19fea0d792ba27,733,0,0.17670414287937686
25405666f8144d5c9b97d7607b7517fb,794,0,0.1661541039761827
331acebb1a32417c8ca3803ef1a93ac1,137,0,0.18672793377574542
1601ee0352944a1795a1aa6100b233b4,736,0,0.1474268647433773
f716ba667012417d932db7dde2f49764,604,0,0.1727944806540332
7b50ea6d94cf43dc8bcfe86d09f56ed6,99,0,0.16925076158883823
ed4acb527e944453bba8ef715a051aeb,320,0,0.1865732541503935
b8e96634655740bd862ce13d2178274c,628,0,0.17144677925674667
91c613ac48954d65bd36382f94c2c57f,228,0,0.11787978785384257
f67d24fe94d04ed992f15d00802d8613,329,0,0.1456719494392789
af2bf35b0c684d4b884c4995cac64266,67,0,0.16872602010369553
189e34af0773408da2fcdba6cc84314d,588,0,0.06958433024446375
983f8ea7f15a4559bd9a84c4595da066,244,0,0.15381934665248564
46ba648a0ff340c6826a0f4f8b17527f,98,0,0.1867627818118789
1f109af0206440b2b044520b994c2e28,288,0,0.18671564660192058
5232d83702a74fb69f8fcb28b1ab10fb,795,0,0.16531812472376778
86f71dcf33984a30b9f7cb5767c3f51f,614,0,0.11388671894584579
5df83940dfb745ce996b60877598404f,166,0,0.14958424499657869
a7506893d9324adaaa92b0c9d7ddcf9b,526,0,0.17903998356158235
37f921405c5a4c1697a517d64de6c2b6,476,0,0.1824156878333565
b0bde751ce5b456e9d585c0af25b1ab0,593,0,0.1722356009175678
be2157c296fd42f8980cc734be865200,698,0,0.18595987505220307
e4ed5ff1511d45d8b38b42cfc8f7e4cf,671,0,0.08498592999365301
8697fff727fe4133882b8b5b426145d7,216,0,0.14810037982078578
0b540c2781cc461d931ff6b4beda1d71,268,0,0.10063793128432996
2f44b5e845744f61b9ded7cdd2fc3b88,795,0,0.13450294059493823
4a5c6f111bb544c98c2557e97e488903,163,0,0.17848216856178634
fc016c6c727043f098b783a539dc89df,634,0,0.03550930240870892
a883b4a94969410db9a1d5e8319d6132,383,0,0.17773194659261227
4e3cdadce6af4541b91f41fc28d8d639,21,0,0.17322268198028307
c4afb3a57c0e46a7876bdf23fd0d94ba,19,0,0.173992239640465
adc4cbe80d8b4c28afdaf3ac823465a5,140,0,0.08489713972222357
300a7606cabf4798a21a60c1c0ed43d7,725,0,0.09266083990496571
5419ccdb434446fc9ab0b3b246929477,267,0,0.1794488789219802
01c7a5c024474fceaad25fc555f89807,433,0,0.05875122010184386
68cbe8b892c0466e9c6d64f5403b0132,738,0,0.11508067056458732
4cb7a46793c14e75bd9e99ad6df65ec2,753,0,0.06808127050130885
eaed6653c9dc4e67bd185a48b4a99cab,90,0,0.17718571539346217
c9e161c554a74b41b17c8073371325c4,163,0,0.16582623560950915
cf214738cd5a40899c7b2399e77a56b5,83,0,0.07148658172403138
ceb46b8f7467460bb826dfbb7fc17a40,616,0,0.16354285566626298
7c5b809bffb048a1a7b4d890cdfa1465,70,0,0.17940902501166495
5fc7e2717fa84a1c9accd4d2bc31fe22,519,0,0.16622118412367354
b312482dd2974becb793474801f08897,502,0,0.18481860170679648
27184df81e2349b39f5347660767781d,261,0,0.11148328111053357
32c53d068330441db31c0619726c6890,297,0,0.16732723310622505
b60dce72eedb4318ac228c3341808fe2,605,0,0.15892742804416216
ecd62cb2ffb74574969ff301f6a12c43,136,0,0.18635641161674804
5cc9d07cb84f4a29822a5a24b77b21c8,641,0,0.09130033052156383
0b415a3bbd3b408cb6054967f0757864,282,0,0.11996559590033823
f0b71c6df071469abbd800bfba1636c6,60,0,0.18299953127871244
11384c8a421142cc9e8f81b794375a94,340,0,0.17860951891730475
6cfe857170c44139ba1c14d7476a02bf,228,0,0.1614437851932503
f48fae9eb0574f0e90dffeecb2ae9d64,418,0,0.14543627765756323
74b7f93838114a33958f3271c7bf3092,342,0,0.1714331070601095
23b404b6820b48f385c06cf0fa65135c,498,0,0.18810655775979085
864588d002794f5abd4b4e557f5a0678,413,0,0.16157653625891422
6e62d97c98dd4f578efca5637ec8163c,108,0,0.012092557209161803
7a4762e542054d979f486e2ae514a682,588,0,0.027982556302495798
ed1c86d62a3a439a9e912ae3f1423173,102,0,0.07929937432344508
6b392a5d996044c0991308eb262fbe6b,554,0,0.16974120081653044
e3f8dfed2fc745a4b6f809d2e419ef8e,135,0,0.13702488303760813
4fe554a9d5874dedb66ad128bdc87bd3,364,0,0.17267853608542577
d6378db6d65b49bdb543289d2704ba6b,144,0,0.17739529520803143
32ff17fdbb874eca8f3a33d6b261f57e,781,0,0.17456464408636707
7f3e175f16c44497908842120e16c0ea,313,1,-0.034262558758920814
f4675b8409784da5a83857efe4e72280,236,0,0.03009326604352719
6b89f4099c4a4381b8f1ea8598d4ec60,103,0,0.1693726778526159
486ece2fb5624c2db960a56435c270af,371,0,0.1754308816086103
a9914825b4b546bf8f53cf815f415442,325,0,0.17598250564040274
1e2e67fbf7db4d91bd70f212d3efa4d2,523,0,0.04334922917103523
8749473042fc499e96b868ffafb8c4a6,573,0,0.17499360967372518
8c273e588e0c469aba954e2e15587141,84,0,0.0760814856222442
38ff755e694c4e479a467ea26d620627,610,0,0.1806115745046331
529856febf474daf8350d4135da5673a,511,0,0.1819320410749326
575a8cf5b70f445981da76164e75bc47,495,0,0.17872656022310973
2eb44dd2cc8546f4bdfbb73282b96731,755,0,0.11423003542330856
a8a0e04b250b4937883c89c3bac9e933,167,0,0.00665969398780375
db14fe07efe243ba9d3e11f5fc68f455,208,0,0.1637484449248271
b52bd15a27994b2f9ed0e7848d391c42,294,0,0.18213193625896595
74ae0edc4ab647b298c56aae20774dc2,466,0,0.16762451532284056
07c47363068641bda81ae59f511f2de4,70,0,0.13918928162359484
1bd3a132f8f2498b95071b490c7acf40,690,0,0.17883041295935498
5249a5ba1b304aee9e2c9f5779c04f80,610,0,0.17374553616106597
3f706c2502d2411088cca67266b97056,99,0,0.1074458899463307
5d564eeec5714289ac91830e3bea800b,655,0,0.1840174917702867
1bf8dbd8a3a44272895eacccd88b4151,671,1,-0.02378035517652799
69adfd9f0bd3476a9688df5286d943c6,183,0,0.04844069677423657
1e720eb5094f4d41b801e0765d81a2fa,287,0,0.16358027311157852
19a962fc12e446e59de7e4901c71ee91,102,0,0.027491047894385667
d340549afc624e6aaea1c5e1df442790,705,0,0.040832281774908
10544fbcfa324b09afec26c1d04019fc,276,0,0.17693500516324262
4c7a710585174fe8b7473fc2ec5fa187,727,0,0.17540818261743324
790ca186dce74b7a80b79313aec8bd07,2,0,0.17489669337817298
6a77b7478e26438ea71687af68309396,316,0,0.17817478182673813
1b8b280950244595ad80040750dde33e,101,0,0.07407540973123894
3d86c550fcad4eeb97ed782d4d3e42b2,276,0,0.15899208661973568
f10a4abe6e964370a9b65a0182d89281,298,0,0.15836246311254415
40b91fada074469c954ae296f3b8bc14,790,0,0.17278066629588312
5ed1041cda5449e79cd14f87532e11ed,82,0,0.17106746361537162
c9669cb51ac94432b2180bcdd29b20b9,197,0,0.1807634937396247
3264f69df743432eb271fa5287ac86c4,528,0,0.17924198134485042
b688219277f54785b70ec57b26c1359d,260,1,-0.03151310003870611
a684ac86e59a4da2bcd22dad52771651,138,0,0.08141035051123041
9154309973134a26ab472acbc4b17b27,552,0,0.15436446925452196
b0e819e37fca4fad901ef7907f54748d,674,0,0.1403681129302944
24f76fa4655e48f6a06b6fc5b9bdf3f4,667,0,0.14126875797373767
9631461592f8433c8e54b4db48eda62f,584,0,0.1807152850172843
d08395ff75de40a9b7109780be8103fe,553,0,0.1286257000959346
01a87f9a03bb4b5da64e963976c88703,474,0,0.10394739090095956
1fa7c8a9404a43658e97deb566343f4a,53,0,0.16350110995535333
11bfb8b672c24734a5068bb4b910a01a,129,0,0.17630131515486613
ca1d794c801b4fb681967eb166ecd563,94,0,0.15636484669306439
6e1220175de7468480d1994b63b1d427,420,0,0.1421382593047399
b83337980cb449d1b79fe7c1f65bccb6,276,1,-0.021745074964532707
4aa426ad67fb4f09bdf313655b26bd5c,275,0,0.1847007900705151
be8f748790fa4d5a9131cfc23a5eb35d,397,0,0.04053190078734509
7cf6c1f9771f4fa0b7141f5e4bb4c4fb,137,0,0.17337877344930097
3be3e03bd3024fb1acab73e46e037d2a,679,0,0.1486871517098512
a85b2e0ae0124e168361e957ea456007,772,0,0.16427574777726056
1385d8325a2b401da2ed041388339295,451,0,0.010262197904052583
002248702dc74e50bfe03b39ce8f8d2d,301,0,0.18487191962644373
3d48293bf6eb4abb861d2792651315b4,156,0,0.07053809600229322
f9772fbdb64c44f483cec52f6d12f909,78,0,0.18192777864933385
6e73a5926466489b85f2747be2aa6fdf,363,0,0.07065828374108474
8479fa7728274b8da984a2490524f55d,208,0,0.14245563113617288
4e8d8ad27cff4d06b61dc45e6318b331,393,0,0.11728819879607322
0cb46b0c838b4ce690dd00480ab5b625,399,0,0.15305048997209197
c40d95c33f78432fbd7ba3df8587f963,284,0,0.043622830507282495
f3343b89f93645029a1f0b80696b4a42,146,0,0.17998937889556765
106d6b147778416baf4f749ef1935f73,611,0,0.16766401344064397
e69ef26859fe44978faa233e280f422a,407,0,0.18076101342459622
3c5bd18a193e4b69ae7016514e004c2b,523,0,0.11300509713076945
a5894fe9644a453ca527d32589126f03,47,0,0.1593217875433416
0c05e7ecbd1948a18ffa60731a53033c,579,0,0.14425409807019984
42009bc9c6d1440cacd005d5455c81b2,759,0,0.17643445126808754
846f3af7069f434da78ae08e2413ed9c,4,0,0.18672792273462824
f9dd94478bf9448199520ae4a7411af7,218,0,0.17788937370911612
eba1219a5c97497d972a07346f4a7fdd,62,0,0.17495143493696746
1b51119614004e9db454cdd2c4b1e399,543,0,0.15877248853111947
e76ac1ca4d1041aa98ff0c0743e6f25c,378,0,0.1012846362053959
607c8e7474f74a0ab0db1b62e9630b19,267,0,0.09969236171391765
74e5bb21f40f4d32b38d68d8dc8849c2,627,0,0.17700513005599144
0834bdf538e34cc4943d98e6158e4e0a,266,0,0.05096454002543882
e90a4426ae814b27acc3049d81e01072,663,0,0.13684121435629493
79c8693b78504837accdfb76a05008c6,393,0,0.09326585381355507
a81ff07ad5154e2fbeb8de0cb86c8e4f,261,1,-0.03280329305434815
4276a181388e4813ad167fd053e616b4,709,0,0.12852200847379563
6ae331fc5ee544138d16852f0e190511,441,0,0.03632934868859472
638de07ae52e4ab58c80d06e9f530a47,413,0,0.08601632177017121
16e73622af334736b54ad3f1d5461905,382,0,0.12952090496586366
9f3b5ff496b44fba99d27085577158f5,290,0,0.18498618073311157
b3ad89d70e4c447295c9b414e466d962,576,0,0.18257879901487967
6d146fcbe28043bd82fd3dd3e9243a7e,449,0,0.09327213768270204
c7b53f18577a4518b459ea9b6b2771e1,394,0,0.16947001742713602
6c309109c51c47c19ba685944443e2e5,497,0,0.1840855230313615
a4b99c94e6e24d0096ecf8138a915d4f,185,0,0.1792471608658634
5b87b8c8216040b1ae376f720bcc573a,646,0,0.07893678954001171
fc8156729e204001bb3af89a6656c066,110,0,0.18177067028721783
1e3b5f908ec94bbebfc3f69ef339e893,672,0,0.17567264132907906
36b6ce95d4c74803b2ef1b602de558d9,335,0,0.05728515323337641
18792d4305454fd787f106646781ff36,726,0,0.17556672666026685
e2a88e75ae174ad8bee3da930d755bf2,132,0,0.11389726911395293
fa92fb96be5b458e9192f451822f177a,132,0,0.09358111908269895
c9d236eddf934bf3880de6e7f8f7bcf6,605,0,0.06495222989432375
643ed8cf0ae5429b959891bb98fe4fbd,132,0,0.0431931300949262
242c52f052c34c46bbbe808edd50b7d7,132,0,0.041092567822709036
7413fa01eeb64ebf9cf1bbff4cb7b269,132,1,-0.03024816276757314
b46461594922449786da1f50e9b8596f,421,0,0.08021131245528534
05111fba3f08455a816fa97f28863a2a,132,1,-0.02696280887544733
b4028761d38e4a4e96599a5346d43ae4,714,0,0.15925955427835897
49b275b6a2354fab840d51f812e40358,132,1,-0.056926698771036066
cfc52d6e232b476dacbc077711906ede,132,1,-0.07587987462656909
4bfe88c4c72e4a89a1fcb5dace5d18c7,426,0,0.1884117809185995
938b9bf474754dc59a11144bca87431a,132,1,-0.06551582318365312
595e384966754672924215cb5d234b66,173,0,0.011375450381858832
e67b4935316f46d6b20c736b89ee124f,409,0,0.1874733083828869
c977e83f63c3414a93fad8b4597beb1d,132,1,-0.09811414540503449
887eddd042b3463fbc99ba544be9bedb,1,0,0.16390354263822043
201685e055204906a55137452a8a5ffe,220,0,0.11732146648893943
a6f976df86d044388b61efc16021da52,132,1,-0.08092122713487193
aad1acec696d45e0b1aac71b866bbb9f,132,1,-0.09171281930078523
8d6d65afc5f54fa08ae962a62fd95690,73,0,0.14643995039518903
badfc42a599444559f39150c34b9dce4,346,0,0.15271775421828987
ef0979b2f70a411da5d447023b53c990,21,0,0.17877096307941726
cbe7926f00d740e0aba33cd8858f5c8d,132,1,-0.0899454164927399
ae8d9c0b86984053a451522970bcc1c8,132,1,-0.10456136344528877
ca90cfb662f144c587653bb4880411b6,132,1,-0.09595738217581362
a0aabd55465341bba101d87f919de409,119,0,0.1335726701133338
7a2efc7fda35463282d05ed596e9b387,628,0,0.1592886767082875
fb14956275fa4404b3c457aff309e962,78,0,0.11425478331727434
bd6f49392ca7444d8d6621018c635dd1,579,0,0.12029402006405332
d83c068e8d9e49e5972b2704e472d047,391,0,0.1643566371986978
9b4d56db38dd4a5c9bd2701a47420b7c,66,0,0.09399909048619459
1fb2cf5bc6974e93b319c8cff89cf6a0,795,0,0.16953250205189307
181a8489788b4c2f90282ab104c137fc,153,0,0.15279978388074683
d748a0cbfe9a4ce4b85bfd5199dbf75e,791,0,0.16745733055309564
80252741b3b44ba6a07cfc6628658558,646,0,0.11526910094609599
f6870a8771364072a71fe6d4d692e301,64,0,0.04896881506114448
689a608c07994ee9b202b262720e291b,308,0,0.18586363542244688
7a066b4e7a984086a2518f16f91e48b9,160,0,0.15063737383895887
b801441ba0874f19a70be03007a8a264,145,0,0.030808784102909936
679976202e1b424584afc21f0cd1b58c,220,1,-0.010524098407574733
7c421cc737984615adb0f972a22b0f9c,644,0,0.180656888355545
d22a264ae6b04a1aa11fa558adbc7295,702,0,0.16571387885808275
a6d77993913244d2acff7c424855a5e8,92,0,0.17219336095510945
a5aa2266d3c6480b9412c86747759b41,14,0,0.1773614638480635
d33f60951f9349b290f07b23482838fd,749,0,0.12113630727748809
9a88496eafbb4757b5dfe9167baaf100,171,0,0.014597477763078515
089a88360ce94780b80fc714786ceb47,44,0,0.17234616826101185
8562751aa6ab461999a1f360be9c32a4,714,0,0.15798806960476536
7f48876e567a43c18b6c87712daa2971,447,0,0.10444187259143883
624cb9af5724493d9e8dbabe1d8f0c2a,444,0,0.04889625345535192
bb42dfef61484205bee4746f8abd0b20,652,0,0.17798387194382181
d04ce56891b849c4b169f2b04cfa74e8,671,0,0.01898668632524325
c54de7097cab41e29f01d9b9267c3ea8,260,0,0.03579077469545783
da200231a4804f89a089a9073a97b140,220,0,0.04359832996008112
c3d61cb4e15444c4a39a98332cb88de3,386,0,0.17472032086664596
a4a2ef1e60554f0689c84ecdfae9dbf2,646,0,0.04321828869372196
3a10971cbd6042488269fb612845783c,608,0,0.11958641401171238
d7d1f84793ba43e19154cd997c747a4c,312,0,0.16694217568009123
2c800c685b3447d48b9cbc76799adabf,747,0,0.1718391276618807
02695edc965e49108b23f87987cf59e9,576,0,0.14300990564137772
3414ed3e0efc4fd5a9d691677988446f,220,1,-0.06524914966048412
1bf1a1857c2e43fbb0af7e8f27be88ff,779,0,0.16908023777212117
85b41869e0ac40388f0f00adce56e96c,377,0,0.1813037087651797
49b701b50f0a48d3a07adb838a78c3a7,374,0,0.061188101272387774
efbfa7b0a6a343319d79909d93264b89,541,0,0.12835823507152028
18e1ea3e016e4545b8df1898c0b2469e,362,0,0.17645345273238955
90d897101044469fb8db65ab47b8496d,115,0,0.13936728486124877
54acda73f420407884a7329eaf2c68e3,671,0,0.0777874323718698
ac43a73123bc4cb7a95ef7a7befb1ca4,414,0,0.18263860963813167
ea180cc0cb9e41adbc88c1113ed60864,206,0,0.1740265356539728
ca9e7e2c24c7462f91a614dfa23a46e9,23,0,0.1675909362350524
3d1e08269c1c4db4ba22a7a0e616ca3b,94,0,0.17040980152699026
5656436d97724a64847344ea9b6c0355,226,0,0.1868591607849125
f15315e1d7b044acbac817718ac45eda,141,0,0.16695527864993975
51860829d58d46649cc2d40e34f6c37f,648,0,0.17473159254710402
338790ddaeb34b0db3f00709dcf7d974,102,0,0.170098623576746
77b23e8db43644e8a8f827dbf5851151,487,0,0.1753578679574027
dad80142b6e84baaa999acb4830b3d79,385,0,0.18415077477347186
666796a06f9649bbad88a2085ebf5063,114,0,0.18321904380387266
beb141e41c924a2a9d0503e01e13d28d,745,0,0.17711862370182108
4da1f1a86fc04f1d8b32c99553b055a0,320,0,0.18765860743908297
9252440e29054773b648c480557d1689,672,0,0.13002452667213205
b2915a262e6c4cfb92b18c3b29b606ab,299,0,0.17063696567076392
6e51e2fc3e16495ba7823de58bd60c29,603,0,0.16717523277966745
f5f4d4d95d86460db38b7945a1a9f96b,556,0,0.17143711428160086
670e92456ef94e1c8e76a76afa89e9eb,115,0,0.09063290598132273
e4f334023ff64f67abe3193242e69084,539,0,0.1765498254124564
bdc7a9bf305744d7b0035dc0a7877c4a,664,0,0.1764885992564052
c7698ccd346147a5b987e1938fa362db,389,0,0.16007000490485157
935b049c119742968448f769a7eb0aa1,608,0,0.1454476682656991
5f559c95bf424a499f68121d1d03d4c1,247,0,0.17378075917993535
b81a3b2669ce4eb1bf60d2839685b30b,709,0,0.04118486669382798
88069028ad554f8e8f63e1c0565f9d5e,108,0,0.17701231692718705
26757495c72b42aeb5b647c92bd1dc23,736,0,0.12049844506075091
d5a13ad305ac4c58b8539720b617d2c7,119,1,-0.016998432823033705
b314153aab08412bbd85dddf1fb6040d,373,0,0.14514806774607936
f6a161db727f4cb99a3b6ed5566b438e,576,0,0.11273016287468651
3bbb2677531540518dd85f88a9ae4d32,593,0,0.18823450733298264
a8efba9bf020411fa18c905d51e25c8f,560,0,0.15643643131040186
3b869242bccd4b20969023bce7a7f6a8,700,0,0.17902541793031412
5af36d98d8d546f5b0f9c1a372d5dd7f,525,0,0.1325784933562738
97f1904d45544ae6a5f233f1328092ed,285,0,0.09271210684341696
c725377921ae4c93a2c733c70d4f5f85,495,0,0.18302189931563428
598e3084ad9a44e7a34cfac0d84405c7,689,0,0.11027964481389352
5cfa15f1457641d19644bc1246ba7ea6,659,0,0.1704608450129398
cfbf63faf7e84d5c82e014eb40a073d4,546,0,0.14667089568198227
ab68d7eee54e421aa2fe72be4ffae193,682,0,0.17803569347877884
cb7c4a625f14451499f9b918ec93ac46,227,0,0.17694343274293767
bd140c7d3ab7407caa1b469e2135d749,709,0,0.10221168032363842
ec30945b2d7b4ed8a63c0913c27aa08a,384,0,0.16780262526173656
51517eb5e5394291bbe96cf5a0663939,750,0,0.1833920691238548
f50383e9115044c58457e0667f5933ed,281,0,0.17507342779934365
0be32e07ec0c4bfa8e9deff4ddf2d4ad,210,0,0.1593630921878469
c1c3f475fcad48729fb9f900dc6cd695,652,0,0.1229936744954131
98e5da8914574bcf91ef5979721d1810,402,0,0.18384510889287603
92dde9112fd246019a642fb47eedd373,306,1,-0.15361765704554387
c584b59ad38445eebfc8849f14a7fb0b,306,0,0.04083303476977418
478aa77b84cd48879c171128fc44232d,306,1,-0.020205777906588063
d499ffcfad95411bb830edb2c0196d4d,306,1,-0.04069988333452801
7a09463826fb435dbfec6d1419616187,306,1,-0.06787934371684012
15457d9ea521405198db7f980ca70e79,306,1,-0.07426307652401876
61a3417186c34d13974ec508a9efee5f,306,1,-0.08086764909913458
e4099cf71b294b3ca5c609b163349189,701,0,0.18457384222427525
b1e44558dbfe47e4b18281e17344ec28,306,1,-0.11293671506307512
c2e698a1ced54ae692aa95eeb8a50d03,306,1,-0.13438595786719332
292f18d2a3ab413eb25b1d3684b22140,306,1,-0.14966164047172126
94691f147ea241c09e701c3834f8fe90,306,1,-0.15794346991463615
4f67b0d411414b8ea775ac768fca0a4c,306,1,-0.15466951457031408
2ff299e9dc12420ba154fd3c3e576d94,306,1,-0.17104100606057115
82ce074356174e30b8edb1add3708a3e,306,1,-0.1682838136930278
c05fa86292534e07a72bd2d6b42e40d0,306,1,-0.16089706636501866
d4b79b110cb4448f8c3e41569b29a8fb,306,1,-0.16712107499294093
9bd8c03dc6ba4d1f87dd055e8497f361,306,1,-0.18026705107640117
c25993c883e44f3da4731babdd421fef,523,0,0.012437151963367477
9b872e64de07424d9fbf629d20e36c49,4,0,0.17544480189516903
71bcad34a7384882b991a052b15193ed,306,1,-0.17385874664443268
b196b86dba174296b8fe3b67fda14ade,306,1,-0.1786176998643344
1df340cec8704b36968141f19b83f3bb,306,1,-0.17496375948001386
1df20c03455040e68b2204074ce30935,306,1,-0.17149172943548407
afb3e44b10d84b7ca9a71b79303ff79f,306,1,-0.179906543961735
535a3a3677f641f9a6e562ee36c51010,306,1,-0.1874061010675736
4cf189012c434690bb8c1c56e91ef13d,306,1,-0.18196945908734363
b09a714bf6d64f8ca2f277fb62164d57,300,0,0.17178892836810172
5eaf45474da44c989312ca89429104a3,306,1,-0.18386196418271195
40053ed980744febbced7167c9aa4a2f,306,1,-0.18342469072467105
f873800797914ea691b686afbd8c1dbe,102,0,0.15495684381391583
aec1e3ffee2a4e71b7e6b8978cd7926a,248,0,0.11690757601073043
6effa2fad6b8463cbdf11116b394a272,361,0,0.147627315345423
1a31ec0e10ae4fd48d192234216efd9a,59,0,0.15153948409824652
2250122e241b4e738e5beec4f4d16d47,390,0,0.15640048621553343
b47b8ca63e0c4e75b89d4a8c6f0cc788,656,0,0.18481645181565343
74a3819f853748d883cea0aed9875d1f,151,0,0.182270961718556
619a768c9030461fb76cf6e463fc382b,381,0,0.1747192593513217
64c8e2ecf805425185d8d6f19548e81d,277,0,0.18183788391415645
3f1261e27ead46e49bb78de3528a8a33,184,0,0.18070878641673782
cf3e00b424e34489b3f07633ac4fdf06,582,0,0.1809932188271654
e63ed524a49c499483e781496852f992,68,0,0.17071328526249818
c99ca8739c6f41849b959b8d589b5f1d,108,0,0.15558208162954584
23652d1e5a414c19be5ff42dbfb841ad,124,0,0.1393908416059218
80999f4465d446f5896dc4ac2e1988c7,518,0,0.1852549740921557
21a0f45a94bb43e8822fee6a1f784ec5,340,0,0.16113061345700114
de35ba00065f4ee9a977372474748996,370,0,0.1684800522899778
5549408d571d4d15a3aca75e140898e5,532,0,0.18585410740249547
61462f30989c45ddb43411d815379a54,88,0,0.1615554273860751
5bc47971fdfe4669ae9187abd701c3ba,522,0,0.16115162228920782
8e5107d7848647fead37ea748affcdeb,118,0,0.17019318562517866
9597b3119a594a8db3c3c8abd0104589,692,0,0.15218852540494138
cb60099c521040048cf32047054b5ac6,350,0,0.1832540845204479
2fe94122ec6c40f69e86072ff9a9beb4,95,0,0.18585634975370152
99b80054f4e242509c6e59d034ba96a7,434,0,0.13174107529604923
a8f7855ec9534787b0c4edd41590eb43,112,0,0.16512724037248633
a46973dc6ff94409925d0956ccae34b4,257,0,0.18413406996032178
36ad48735ad94427a7b98762812d7403,755,0,0.05403491210453365
fe89f927509444f2810df9a2cc6656be,341,0,0.17214733719243036
05d71af93a2d4b69bf604ae690570c0d,484,0,0.18627280002395435
372ba64e288b409bb54e41221c3b7e72,517,0,0.182164465491572
f5c2999e66f6406a8485e7e5042719cf,438,0,0.16923053489025724
1fb8552cc22b4e4c985e95a423eebe6b,117,0,0.17738877601949748
4cadeedae8fc4b44a334295be6b3146a,181,0,0.1566942957480782
a81b65ccc0e040d6953f2391da74e092,333,0,0.1695784881838744
c2d73e14670847198964a8d4ec0ef8a7,40,0,0.060075874430072174
5cb3bb281b134f63b48b184c81db7788,212,0,0.17803149907252247
d8e067a5ade147ac965067c8db08fb6e,439,0,0.1822803986928252
939b2deabd33408aa072487b5531d6a1,490,0,0.1775962571846893
947d4650e4d4481da48847c6bd7bdcf9,712,0,0.04469519490582036
846b0e4291324ff7a120ca4cddb633e8,377,0,0.18686088224159153
a31d40b68d8c4ca8843e6b1e3acf7831,635,0,0.0519290773501378
fc2c72b143764dc78edb133eeca918c3,451,0,0.023395325971448833
cdb9aaa56a9a43019c179e3eec0f1a5c,97,0,0.1415292583374423
946b4f8d80134da88f06b410c9420b60,124,0,0.01959950811266198
0de9e53de4f146bf9a4e9aa422782ce9,202,0,0.1664773842353019
bc75911c671e4c70b25e451891029c65,81,0,0.08458071529175432
6906b63f47e84e2ca335402eb9274045,520,0,0.18001280519013696
fc0088d8f019497782bf79e97effdda8,524,0,0.1439823693015027
f885a0265b504820a162d48f91879303,717,0,0.07765193035862783
d8c30676b8394cdca29fde7ec4511776,616,0,0.1720603555038464
2ac444b0a1c440d98da27017b6f24080,626,0,0.09068446057648444
d6d4e13afa19427e9cd5c935de78af17,230,0,0.17350120919450474
332f30c6933e4f14b139d628594210f6,664,0,0.10173382780147222
28ae659bb7e54bb08cfe3d0535126d02,209,0,0.006898105456247805
df4b163c66604906a1eb4d8a075eabf5,407,0,0.17778584831859262
253a5b6a75494ca180ac1acfb5db8136,671,1,-0.002931860575399514
881dd1c751d94eeea68d445fd8632750,620,0,0.17791981528055434
20696b64e7e042fea85d0ad8853172f9,656,0,0.12267344407903263
002c5ad317b240edbed140bbcc465eb2,143,0,0.18484396383422058
4f275c92833a4acd99ece89b60046c6e,40,0,0.15145615032136306
16a4b7fb904c4fe0b78d53b5072baee4,228,0,0.1723545297717265
bbb5e506410e4e24833bab6def623fce,614,0,0.07094934214882248
b06f88ae379946cdbc81b35d8d0001d0,645,0,0.17745459658337198
92af080996304cca9aa87c44c15870df,31,0,0.11262474731131455
237c5c82890f4bcb9709d244a0bd523f,489,0,0.1660408863199262
c780c233596c41f6bcb063e70440643a,454,0,0.18359681956744844
221190150ec54c25b4d5cf9a650e02d0,459,0,0.1788511738907
9bc7119650e7499db977f9eca664753f,738,0,0.019020300616414354
da9de1b9210f4eb09362df3c87e602a0,524,0,0.05913511173974639
052f8438d1d94d2f9680b6163afc47c8,600,0,0.17666366868461836
8f09a1adb3d44d1698f181664660d54b,67,0,0.126595585337704
889ac6bdd7364ee088a1cb83f7da73a7,43,0,0.16597694795740642
a0c50c23d7fc4861b248f6442dc9c05d,693,0,0.047252428734454954
73f1a6bc10204082a45beeff5f67fd5e,249,0,0.09365966565495004
b0497b30e2f949b7bf3437e6d700d564,209,1,-0.015413807542176805
2629df87745c4413a6634ff62da02ad9,641,0,0.16801995408245984
2c27196766fc46108560cd4de3a48902,166,0,0.1860748726700583
15a1d8e3aedc4d27bd3c721f91a91443,480,0,0.18133827891966847
3f7f95b9173b47fdaf8ce728e077087a,301,0,0.18224947362168142
82d6921691fd4c029baf886df49ce93c,35,0,0.15763833235397856
bd1df95426d94542b84a622ab8347d15,491,0,0.09060394426655305
6cd62fde9d764718b63f75439ef5493f,700,0,0.16610880702540337
d37871b9f58143f5acfb4c5cbcf1f68e,82,0,0.15969636753105843
db961f84ae974689afc6e00231f09bc8,648,0,0.18898213411840592
a960a6766f7540d3b51470af9f963738,94,0,0.15616100942726507
078bdb9a41074e199d424a17a1ad4557,671,0,0.07212082387924384
81752b3ae9694f09ab0ce92fc7cf8de5,706,0,0.16895738093606572
963d27ee32c54f5495c6d869d3ad3372,788,0,0.18848908780543272
6fa639d030524f48865761dbd4a5bef8,713,0,0.15735538904856594
41915453bdd8459cb427211ed26cb7c0,474,0,0.12818765748604455
a0c7eb4b69e3479d85e9bf338bf83fc7,199,0,0.15964215327215753
bda95ac5c5214e13b40078d11324d033,88,0,0.10287838202306127
d5c9f68f15924427b862673ebe2f26ef,130,0,0.17283742565949411
e3d92253ad5f4700b0a83e2779b155af,164,0,0.09652602245642516
f35b1b159ef14d168413cb886a2ba1bf,297,0,0.18575400306009837
75aed36d577342a792133a0e9702a4fa,224,0,0.18556211304257197
884ccb8fc59c4a08a0881ae08e7d9c6e,293,0,0.17573732975434186
e2d41033f0304ab19af585c58407ab74,755,1,-0.015775024950273497
f3a84c406421419688699972fb327b6a,616,0,0.12758343855037407
3a0bf5615e294cbcaa328e4b5370eea5,595,0,0.18311782418652606
c0bc92ee6e0c42b49243247b1156470f,482,0,0.17667587398993606
232c0fe3603f4a31a37d69adbc17cbf9,755,1,-0.08542446146245641
bc482bc458ca4582870e21bd3c9cf27e,710,0,0.11063983631477842
de6608c821454c8bb61bcc04d651166e,765,0,0.15964953956509736
2211095f9b884ac0934f6bb9e0733fb8,227,0,0.1809990138530273
fdcd19ad0bb94a9387bd96d78640d99d,402,0,0.18513146590925939
2792ac91249940408e5067ac39fa66dc,748,0,0.18684166862266172
0353fbe78f68490c80690298b7ed880c,322,0,0.17627148666040426
eb803cdb80424ad993086e20e4014c2e,788,0,0.16555126629867023
37e97f9fade04d1380711c5d24c31e1c,673,0,0.1885731949124071
887925e7e61f4146aa43947ef2a0fd8d,733,0,0.17176672036590263
e63aaa916ea842498cdd0fddacb14f0d,489,0,0.03755847600855167
fa3993814dcd4730a4a5b9489ffbf809,517,0,0.12084132139710052
7f3a6c79b832467581bdd46db14e373c,524,0,0.13299299667727976
da240247f2db4225a0dc791f22261de3,737,0,0.15792719829326823
9911318d2cb140c191a8face297329f1,356,0,0.1797687194256135
3ad9b8b0579843f3a70362de8fe11ba2,502,0,0.17269769844919114
506b1aef96b848e08980d3106362c876,630,0,0.12735633744112712
2e339f348a2e4147bfc6986565f967f6,646,0,0.10782091326550203
d0122f8366b04d57a514c7df627cbb99,611,0,0.17065279953367885
7aacc5f99cd440b49c99c636cda4e492,608,0,0.16992277379200854
4572f3f33b6a44ac867a4f4bf34f3be1,58,0,0.17501382576206703
39e77985360843888ec3fe8e14196639,418,0,0.16923170508966012
f9f76979af534ca792ddbc9eb1b69896,57,0,0.18803359659372032
f73f658bb3224faba986464b833f2c58,454,0,0.13748485293685564
28e7f7c76eeb4405aee8e542f1e4dd67,453,0,0.10104604415489588
1feee6f4ac0346ee80829fb6f8c82684,69,0,0.15643475386794764
d7054c37efd841b382192620247a380f,582,0,0.08296379101367746
3fb6f945b4c749199884b044e07f9e04,497,0,0.18185225132657656
9190c7c8bde348c59efe9595b0524194,262,0,0.07814938952910422
76a801ab25fc46ef911002245e96f7f2,155,0,0.17729620324304712
0a7aab64b32346d591da74f3e1da5521,671,0,0.14268002094531596
d9ae9b3f51184741afcb6dd3d70810d9,398,0,0.17882797334481731
7a4a92fa70dc4faa89e518445242892a,620,0,0.12056707951809675
9a4b31983a0544ca992f73f9e7176971,216,0,0.11421187410291106
62ff5a3cc6804708bb369ab77a3b6e77,373,0,0.15010374277453692
6dcccfb4cfb940e1b74e98c04e26aafc,208,0,0.17790525454999617
e0d7bbd5f1624b279f3bf8f33fdc118b,406,0,0.1800776285066048
5dda09ee95ed47fc88dd3dc699017c9d,143,1,-0.026798438328558327
72cb6d340aa549eb8c4c81fe7fd79412,363,0,0.1554253674276111
67dad2bb2a6b4bad834eb01b149546a0,320,0,0.15360844472474272
a994a67a884b4a8a9f05a49795b6ca35,738,1,-0.037843672330291955
7e752534ce1c462786361c989666217a,329,0,0.12775207151407153
b6a99e065cbc4cabb352288723d13d8e,578,0,0.17458988400482844
c248052db0af44ac8e4dcd5e652810e2,164,0,0.04861802372588997
4f1f146e5aff4f3ab871fbc8742cce87,387,0,0.12777788467105206
3910ecf3ec8a49ebbb8d13398c4c9a95,247,0,0.1622725322058134
4c50802596b74a338f35eec7b596d2b7,11,0,0.1763969221073382
1174963b1f454c9cb9e5803c2665525b,429,0,0.17500195617902387
7a2ee73e6db74fd18cd458b0858a9a73,709,0,0.13356431548833003
3f93e0ea9a944903bc0ad55945c82106,708,0,0.17481189833053884
fc9fb8016e934a058ca8b21ac338b287,119,0,0.10940400143051238
babe6d36197b4dbdafa845b81f810a64,779,0,0.18763308628479647
d4683069db1049f69b6d2317538b133d,82,0,0.09401505917728054
a38f0434e1cd4e7bb6c1fefefa200a62,582,0,0.13846219035198593
97504946f0f043dbac670f496f55d6ed,217,0,0.17208928646698768
4eede414455f40e0830591d7d447d55d,316,0,0.16746708078317812
9d00b2dbd8c346a295dbf0d82864fffb,614,0,0.1322895355458017
d1d11eca0f174c799a68c91c30aa4510,324,0,0.17655938308493901
9c5aaa7a68ee48de96d064adc4aa9caf,378,0,0.0857737066850085
9832f7dce43d4a9abf993daf06b1588c,213,0,0.1772027307066129
a22c11466a6046db80b3704e8f38eeb3,143,0,0.06767979133470836
810c4260d5d14c3e8005a066c205990f,115,0,0.12241899404506795
94ce1f6663fd43448cabf7b6dbabb980,384,0,0.16692645472087153
afb047758e7e43f691c6ee7c9321c08f,70,0,0.18459022595361096
0a936b5f35d14efca3045e2794464093,616,0,0.12333904430285259
e3b78885b69b4b4e9238b191a31df686,590,0,0.15765057664403997
1d724a3f6b38431697c143b186f586d5,191,0,0.16108087013857592
b0cfc5c00ea1410f91167d012db0a4f8,367,0,0.17975010587802653
47f33d4fc27e4e28a759f94ee2e26a97,194,0,0.17506565985649902
1b2f1aae6ff2460d9bd48b40a807dece,671,0,0.035696539135388505
ebcfd719e59a4958bffc2b7214b0c996,418,0,0.12016981285902606
1a7305615f894e939603dedee5ee9664,431,0,0.11485907813442342
b37ad3afd32c41708994114fc6d3f7dd,247,0,0.15288689000616124
7d7684c245144b2faadf9dce715c7b9f,71,0,0.06404026221442727
76a1c6b97ff349e2abcbb6fbe8bd4036,52,0,0.18380830683532817
a44ac18ec3d24c5cb7f0da51ef44fcfe,542,0,0.17924190792113615
c36c3aa6714f47348df1dce860bf581c,401,0,0.18557080928939013
ee0dddd8a0974bfa82b3057de4e5725e,278,0,0.07385501257299243
6e403733323141fc908944feab9b43b8,798,0,0.17467694293528468
cfd3f0a2832e4e1ab8c73ebe33c3cd43,427,0,0.1713868019261618
6767eb35f9d047eb8e3b948a0e4e0db1,632,0,0.17596784025557044
ded84a576b674347a999ea7fd5028a1a,381,0,0.181123927184422
335808a9b12546b1928dd57c86c2f8be,588,0,0.16770106040096455
62568ed6914c46d9a03d7c2eeb16b7a3,254,0,0.11156894927664113
fc702d51212e4cabb60a9f35590d83b8,155,0,0.1102064140747333
d6f93456a120486498e38da7ab4b8f90,333,0,0.17386860894099176
cb025b9f0b7142639e6321fdfb474a41,141,0,0.17317033661424502
25de705a89ba49b7975ef730525bef8b,257,0,0.18512441383696754
93016c32ef58499f9cdf10dfb956e7f1,76,0,0.15811226461168504
8585b9bacfde4bb89919495ee545a9f2,663,0,0.181266321326071
1f326b8d16e7463c9b14e547bce33d59,196,0,0.17556513139682556
b9b3a3e3a2234193ac19d2d9f0c3948c,255,0,0.18621232271043042
0856f58075f84ea19f84fbf1f22f3b9d,378,0,0.08921283449847889
897f36e2820e4acca58c2ba5d15d0c00,786,0,0.17417706682330691
70ab54f4072949759fdf7077a83a586e,648,0,0.18432847370657884
142b3a98e4e84755bfded3b961068d96,565,0,0.08360346782117606
0587b0c91bfd48c2af0cd113e21e8361,341,1,-0.005214773417233087
cb8bd15e377d420a8bc2666bf8f9ceec,673,0,0.09256796322924582
36a73259970d4f0791ff776e444aa81b,335,0,0.10244629404104777
21f9ae04e57d410c8b2b4025c5dc1036,94,0,0.16922114914513608
1fa23e8b808a49aa9ebd7d855f05ffe4,764,0,0.16507320558379351
285442c65bf24920a5b72f6f5db3f693,573,0,0.16353319627219481
d190b018c33b4ef7a1d271fa84c81b5a,280,0,0.18222389800131655
503d6b66e2a24e60a116bd229299bc89,543,0,0.17064887567844345
64b210289d684717aad3ce076c0c0cb5,116,0,0.18477681572722637
20fcf2cd255e4b789f747397da27bdf3,610,0,0.17551240472408003
741e17b683414530a4bc031af5046bd2,438,0,0.17586269008011002
2ba65b916a0a4732b779fd61be84f4b3,340,0,0.18360317394214937
77a4169fb2a34d1989b87ad2cf7039f0,618,0,0.18773967837134498
1f9d2afcf288451e9f07e3f54e3e43e1,172,0,0.18762285548932633
be67f285d74f4b99abf8483a8eca2f52,135,0,0.050240151097998065
3dfca31ab62b4dfab343731461880d21,439,0,0.1772171973045854
49872e114a2a493397041418ed69c573,661,0,0.12164383337306095
3f697cc97835494fa353a2bfc821af2a,164,0,0.04911132160657872
882d8cf834c74eac97d94842a1125923,88,0,0.15781848766512951
5ad8df28a45549b5a51b200988328b82,693,0,0.1726323320363704
cb9447896ce541dc916277427b9ca052,486,0,0.18987699227614308
55df7fc1cc8c4300a4017bc6d96ea2d8,591,0,0.07588672121249312
f8cc9587553e4fe595054218925304d2,788,0,0.04102911519069802
94ff5f6f7b9f4fcaaa089d3a637c5cff,417,0,0.18291671009104787
32678a5ea818418f89971b15e6f34ff3,349,0,0.11796613311989423
a269914d499b469a9cc7f666054cd999,201,0,0.18235214844906722
bfb2743f8aca4cecb8b54c4217c49379,712,0,0.1864262546432543
954d5bd3628b483fb2c24515738ff6da,458,0,0.14881153948365938
afa307b2dabc483d9177ba60aa01750a,624,0,0.14702202485867966
222b6dac8db94ddc861b3ad9b6fa5c3f,498,0,0.18569219214805704
6bfb8023100b4e11936f2c6daccf5449,585,0,0.180646722068601
1a2352df233a441394523cd3251ef27c,671,0,0.12424552465076083
04caedcb000e40d68986aece88b45540,248,0,0.1344281378053075
e8080fa930ec4d5c81f3c06dfe98f9fe,518,0,0.17476717022485078
dce1320830af4a7fa3dc5b9f921e20e0,132,0,0.005245761781436542
2a606b27db7642b2bd537b89f7c6d0ec,686,0,0.17918945063200986
a8a0f865ba514c79873094e72b75da3b,313,0,0.1048994760729054
b2c5141641214797830bed8b4b8e2e22,183,0,0.1750628551794678
ecf4a94cd0c24c588d4a0b0bb2d42adc,445,0,0.18656991448566462
d09e0944ee60404e9391236e6a85d8b5,486,0,0.16006076206452147
b4f59a5ef7644ed794f25cf9b0385457,90,0,0.18066968130473277
98f577577a7d47b4b958d24dbdb4e735,15,0,0.1788213854305465
059f86a63cbf495fb921468fd20ac2ed,493,0,0.17107870539292097
0c2fd97db7ac4c3dabc7a508f84361ed,319,0,0.18130798219490463
621b0818d95648c68b583f1da8c2d8b6,367,0,0.13174875620049098
a07c6f18385b415781015cdf5b73cd73,436,0,0.12203322315224496
b7b613d4a81e49cb9e8805ae7c24d250,247,0,0.11254085456158452
566e94484f91452186ed3872362622bc,553,0,0.03541592803115079
c7e01cebc4294cf2979d019b3ed6a090,466,0,0.16936795003818933
b231ee2f3fba409cb8f57543da7f519b,256,0,0.13672329790446786
cee17db5cf5e403aa75d5b1de4cfe8eb,48,0,0.18685990718544038
1b60d1b4fafd44e8a0600713c362e2f5,54,0,0.18198081202867333
4efe2bdb146f428081c35a5926c02e4e,244,0,0.17043886290227228
7fd6d47fcf72498780a27e3fe539a5c3,170,0,0.09158249794188728
1c4d914a65d444998e6c3b7aa8f60867,331,0,0.17475098066486094
a7a32f9b0e274e71b1f409d660e9e744,335,0,0.14552163923417188
c94e7b3ec85e476c80bbed2687400492,374,0,0.11018546256508527
a6dfe16dc8364888a2799c6b689a7382,779,0,0.07910226589721331
12647732d44d430fa7867ac5e8b645a8,194,0,0.09426565434929784
4db27bf8f9c64e55890a4560744e8a1f,355,0,0.18499199710719094
4c64d715b4964ac8808701933bf1c875,430,0,0.09585468289284321
defcaf41b85e4252a6a23a1c0c95cd83,624,0,0.08912767757074713
6ffcab1347e34bdcb1ea482e72b3301c,11,0,0.17561523212844482
7a96b62ff9cc49368ae8a8ebd9c09d10,117,0,0.18142069718381432
69ce179041774b3d874902e015e5e692,317,0,0.06746124216553767
fe683039234d4272bf066be727f7e914,369,0,0.1792298569552892
0a9bd923e2924fb1a4cdc257d82a43ea,130,0,0.17088860351997198
209da729811a400580f8e2509eec4dee,533,0,0.1564681047239309
c30d4d682cab42a780ed8d08b893fdc9,630,0,0.1707505017455575
135029c03fc5436f852d0c07900e2c16,656,0,0.08185134990100584
c95eca6df3434005aac167f4e30ed89a,104,0,0.16552794798934345
5bad7b96e3f348f1951993089c6c7a9c,548,0,0.1868804173921299
83916645210e4a85afbb99f73b3605f2,791,0,0.17354738551662657
44ea6c13f8514a48a28fe37f3a4d1528,80,0,0.12040562789322434
33f6241f59ab4fb18895388dcc68f83a,795,0,0.1660941860278088
b45b931192fd49d0a22a743634f9a053,729,0,0.18426979025406665
97841e195af14145a33566bf0acca679,205,0,0.13970918440763896
cc4d450851e345a1b0afb8b1592d9da3,293,0,0.16290532109605915
8afa5bcbd2b248bd946b84d6116e7937,293,0,0.12835349291374698
43d747bbd2434d77b83a9f942261448f,442,0,0.09742439098806971
532b9d44644c40618933066679729d56,729,0,0.1473794132350829
fd5a1c59e46046c3ba8af9c01bc0bc87,104,0,0.1568820793502287
34217be09594483b858ee02f1f187620,107,0,0.18603114907110496
1422bed1bd7e43d1906b0a642f4b2a7e,39,0,0.12055184879008862
6af65f950de24356a4467a8d44281a95,105,0,0.184163157230133
bfd0323114834ddf8f2b8a98a36f1c5d,265,0,0.01313331727922984
797770d2d156463aa8bb757bae7c8f11,136,0,0.16931079873827376
3bbe65e46b854b3e9993177131b913af,327,0,0.16100446087165787
d3b9859aef734bec960ea104f76a2daa,273,0,0.10095949332939252
0e31a8a2b13d495f90dcabf06e8caaa3,451,0,0.02630490832585164
290f7a3963e54baabffabe67cd0fee94,80,0,0.1553601936256237
d9eb356111ea4b03bebc24c2a2d68e50,182,0,0.12187107349920179
f0042d57085f4fe0a76a0c09accea505,702,0,0.184205348921474
aa9f155f6cb34be081f90c71529498ba,349,0,0.026683749783558364
600745e4acae49f89fca720cfd8c2339,720,0,0.1718103151577034
4e55b809551d4d2ebb816c246dd911fd,464,0,0.18145902142853515
3567e46177804e4197f840e781c1c20b,796,0,0.09200729619269393
99dea15136f44e43afd5cae7d25f8464,220,0,0.11774563042694314
2fa81bde80ec4a9d918bf35461a3706b,443,0,0.18916800065984357
af58e90d515644029b99bf55fc88a5b9,12,0,0.1886079338992812
a14dcd4a4e484bca8846ef0bbbd5c7cf,582,0,0.1766612837580624
b595a26942244da7aea7675024d070ee,126,0,0.1102463401616956
d0158fa0b41845fa9f2eaec82db0eaab,698,0,0.15663966376459532
3e3f4eb63ed840a5a098c2fafad83363,778,0,0.10203797354656108
71e1a604636c45f9a8c75ac86e244666,341,0,0.09041200899019952
c39e317e3d044f35b2833c554d011e4a,516,0,0.1185181759078095
db2d4e16c1c5406baf2d731dbf706ba8,444,0,0.15246631397492522
78530d74e24d45e583b907fb10475c4c,68,0,0.09745311100968779
7e65d104899a40e9ba3529ba0d24b48e,717,0,0.17211591404333243
e96be741982147baa7093a8ec96401cc,80,0,0.1593167643645526
0b6a70073adf496bbe3519907dc4da31,791,0,0.1355219068057591
566c061a7b614236a28ec792029c3e63,644,0,0.1796926192468304
b59ce009d2ee4082a1ca660fcb918a28,392,0,0.1808098012067707
2600addf1bef45308697f1bc13ba2f29,533,0,0.017630531114068426
0c8563d5881b4048a9f87ba41055c419,580,0,0.15610416264150545
b82ed26afff74f3385b82a3edd631300,142,0,0.17266887122910174
f1d6245ae9264a65831fa44a8ac34f75,524,0,0.18343151495396837
3228a8e1bb194201b38a92929b07c071,668,0,0.1580518156475066
e1bf079c917e41a68e82c9178c0190a3,272,0,0.1082582267623125
c7a26e140cc34159953177380ca4a1bd,327,0,0.15436397099932886
91e00c06cf5e430188ec52aa0a9ce076,182,0,0.09190227701686599
7b79787404d64b49ab73fa5f991e41d5,85,0,0.177510074477922
646b7e14988443d2b8d2d5432e59b5f8,584,0,0.18954367372544123
079d7f0b8cf34f77a8a99b8b113f04d0,769,0,0.12187194833574522
c759453db75c4e559313f117e3363f54,442,0,0.13837618562890336
e5c2d36cffc84df482eadcc520f48b7f,787,0,0.08848122581650758
73e162a1b5c944e781ca88634818f0d1,722,0,0.03508686343601086
5ad26c40627b4cf482aa658b9277c26d,702,0,0.12258375390382542
8113e015495241b39426fea31a415275,664,0,0.18881076916030298
ff09a991c63c4fe3ad3a89be7d675f0f,686,0,0.08331002473783755
a8949cb79e724087a6e8184ba38a070a,485,0,0.1652363140830626
a604999076994609af116c2671958436,235,0,0.10030390799447264
670111c433cc4c7c9f82b94ecd391ba8,391,0,0.15761853352310312
ebdf0cd65efc40469d55fb9b29c2dc2d,68,0,0.04159752686183693
d790f53017ec42ccb5ecce31e4fc9b16,365,0,0.11433684363960112
126f9d7ba98c4f9585d70e1efb9a82ad,552,0,0.17407847379912816
9c718145e4ce42e5b9b4b3d3178dec48,671,0,0.1737714312347498
40360d3a97904dc795cdd9f8816e18ca,217,0,0.1482980929627027
380f80d526c84c7ba364247b8c6fc47e,668,0,0.08888311578930613
b6cc8d208d684decb82a73a96abfe97d,364,0,0.15934778406965971
5f1fc29798e64d56abe02ba9377c2090,726,0,0.16995816569410838
753421f976584789a4e242258acf17fd,428,0,0.16306212423161393
1fa259d9a5ac4521b645ac1b707d0576,764,0,0.15772378868240444
032c4bb516994feeb7ea8f728fed17d5,654,0,0.052891945077413516
e035c2fe4d20489d940249220a08aa60,221,0,0.14101172225010944
b5dfb1c966cd42b684a50e687bc04ccd,191,0,0.1612709854579924
7a8ff13966fe48b99f4eb2b40ed748ef,581,0,0.18517643536296274
1c149d24438d43cdbb7e8bccc2230ea9,354,0,0.14694236081102613
cebca7b10d1d4e8281367b461df90c58,301,0,0.17931259777493108
2aa34971e4ce4973ae060105ff054c8b,671,0,0.16001856338740744
dbc3e9a76fac42a79a96b2a27d3ccfbc,409,0,0.1829932410465569
7176624f187d4f55b76be1488899c4e5,194,0,0.07922726202858754
833dfa6d9d8d48f6815d6f9d6ccfd51d,16,0,0.09779675105602381
0ce5dd3d0c044d398779dd8ee4be3a17,205,0,0.0398437399245386
0df5f0bbec644b3db6c828f2bc60453a,475,0,0.08643857942537564
070b97a358154c0abfc5efeb88b85b21,267,0,0.04963278516679964
fde74bc7d07343b4abf898955be18d57,663,0,0.18758185408875716
6be89764bc614e5baa4049fadaa81bb7,490,0,0.18852960447087663
720d4337cc8a4515bafed5bfddf9ecb0,91,0,0.16647522177781338
4cdbdd4f1da24da4a7701fa059bef11e,793,0,0.0026851381430840204
edfb16d1e57d45889a1ddb020643e892,656,0,0.09187204297049223
6b4c795b0cab47879c35b9718347e583,580,0,0.11169585981447167
638cddc0ea6c493594eea727da1927d0,638,0,0.10571936361356427
c0466f8354454ac9908e868b3beddd5b,363,0,0.16386505277723123
9d183f0ade904529b02023a6115a59eb,213,0,0.1588627987506182
bc16d033b3d04aa4961f4f59f88eff9f,797,0,0.17205170699930006
dc05d08cf75a404bac1aa0523717226e,71,0,0.08739540987429184
998d760451994711b6ab45b1fc4726e6,194,0,0.14628024911506077
0639622dbd144c7cb089cb4cdaa3a8d9,540,0,0.16677555574729264
29a741ca72fc4bcbac6dc2e04ab6a817,582,0,0.11546912754651167
fa8ee99eaae340ffb67760eed3803215,753,0,0.15432600832667298
a1631e4b01504f8ab1d584c7ccf2b116,746,0,0.15608292212673391
22898a55466343859a0ae1d98deee491,140,0,0.17608758238810707
20bf13cb466f491caa46a5f9720ee941,142,0,0.12203516410247511
29b01c3a173d49daa470d7fb2d6d6a4d,371,0,0.18553088890001856
239c78ff972e40459bad2656f2b7028d,99,0,0.18064731057323197
b99b3d52d70e4f0eab91f48da8d37083,553,0,0.10695726468832678
7fe8cd203b274a74bb029373728e189c,249,0,0.004795002184644015
7395193293c04756ba7aaacb1d874e53,788,0,0.18341393922134547
9ec7d8ac04924a4885489fecc70afaf5,702,0,0.12196103762148625
f31c6b96696049a8959a587b2094f95c,202,0,0.1708539362142148
18207c7c6b4b477f8d245a1faa17c76d,391,0,0.11837450952368433
bddd741555db4663aae325801afd688a,570,0,0.18158453222959497
c35757a7d5f947f0ac43ff8630e6a01f,517,0,0.16995687083581013
ad59a311774c4d8e804efe5dee32745f,604,0,0.16798072710547401
5abcceb47ead48bca160248d2b721698,278,0,0.0961013765675437
6daa8cdf122d47328095c6c56cd583c5,722,0,0.11135383276333716
dad7bb2ed83a4b249f00e874ffdf2a54,640,0,0.1652596819101243
198df59a9b2849c6a39ac550fd516919,286,0,0.17225350939470768
1edb94d4d24c4dbd9b81404602179fe9,289,0,0.17086794815249234
89a5ac47c33f424bbb36344b9c8ca77f,604,0,0.11951773022929052
ca75bed7ff06458ebceafe18bb7f2933,287,0,0.17813511510183766
4dca06bfb12a47309792b12828be850c,114,0,0.08178330024256314
6b593b02670244e79ad9884a62211cc6,700,0,0.182799999223498
c017c856aeab49a288e6209aa2065bca,758,0,0.1301061938927155
167d4127b33e43b7975e88bcf62444fc,670,0,0.08609772334348614
5a34ac16227a4e98a2335fa53cc08583,78,0,0.1891328294091893
d172281997644674af4bdde7bc749b79,179,1,-0.033558926961162916
227596092a254ce19f82fe4308821197,131,0,0.18271310231299076
87d566fc483e4567a13ff19544869144,441,0,0.11996882085431593
041e9c3ffc64414c9e61c926ee7b8d75,289,0,0.050566399207007284
1c90460797f64e9cbeb66abbf70145b3,490,0,0.13580120596401868
03e6d4d9a3e248ab87a7895851b22760,634,0,0.1703148630750706
40f405d2b7eb47e8907a8e227dbede09,618,0,0.18288747646348913
845002e867534d978714fbec0f44a387,349,0,0.11309990952484245
33c2e65522764cf0b5beb7fd4acb1691,671,0,0.10794735326221389
f8532294ceca407d9674ebb80202427b,123,0,0.17110997763746444
fc63abe80e29472a8b4dd1847f0d3e78,46,0,0.1874739955680632
23c657b6c30f4ce99809d1627d1d6420,649,0,0.17978235332643167
ac8632bb32d04916a6d02f97137329e3,15,0,0.16340700891912757
271ab27b548346e986173068e31715a4,116,0,0.1777120258986814
0b67ee6c8a1042cfb731c876e1c9b215,474,0,0.13326129114331353
0eb73dad2da0479298a93072bed7a6c4,789,0,0.10681472077472687
8e22aba37c4548ceae0c56de9bfabfcd,630,0,0.178530714205901
b4523e098fc9412a8c737966f2119577,454,0,0.010391115766238856
b75f39aaaa914455a62144fa5f819bff,261,0,0.16913955797158248
21d1d8cdf21a47b4939d2d5f42603d82,31,0,0.15345568380986746
7f289056c3724da5acf1f65243667e06,220,0,0.07038061467393703
afe628e52a1c4e14b845251f95a0e438,475,0,0.1029308048412314
e7a596f468ce40bb80295010b9527ac0,422,0,0.17438258992766148
f68cdfc1d5da4566b72199a772316811,16,0,0.11470680940658223
88b6c24413a74fa1bf1586a61b868a39,737,0,0.15687008222925586
4103851191f44185bec3fc21f3ec1273,7,0,0.18099907536101972
8feb607d02a444f9a603d3089c56aa7b,88,0,0.14870733238303369
785c75cf705348a4858bf5e26eddecb7,794,0,0.1748736736287948
027d5cf3fdbd40bab0f9b6cd727054de,719,0,0.17938387144760748
e73f8e1418f94fd6be498c189e41ea20,569,0,0.18647936207512322
cd648bd3895845e4be807934edb03658,551,0,0.17845874237271375
7e04b11663c14131baf35cf5fdf69f29,613,0,0.15664575283697546
c3c4013b66344de8a3ada35b540bc281,535,0,0.04878170979540414
ffddccdd7cda4b2eb3c8699c9683e622,402,0,0.17923887896653717
ea9ede5e4c3f43c7b56a3be323976fe1,262,0,0.05367741087751615
d566c30141944f38a5d63c4c5e49cdd2,316,0,0.15031414577981528
afa14494de454120832d40094a2c6f0c,584,0,0.18635835686487146
e91d76ddd76445138a8cb5624e274e3d,156,0,0.1311594201764787
f21db015add04caf94199b31bc07d401,112,0,0.17736834053105238
e596376d9790472caaa5119d1496d00f,69,0,0.1258488203477215
6b937c2acc4b4d2fbb278956ceb599a8,399,0,0.15903694386003808
c4d9c5443d66405c9a0953f4089dbb46,220,0,0.023792838056035215
2205b2aa88b1408fb2ff6bf3629bbb29,467,0,0.12194026848087247
dc625ed5d7d047cfbad6efe193a26cae,354,0,0.09207943072930508
d2877508195945919a261678a6da874c,399,0,0.16123157605148858
9d76dec24c984d97b265238af29b8e8d,85,0,0.17117174806895974
eaa909e788d74c1381195e6a490ab153,18,0,0.18336363279022766
5b0fad9a9e344f0ea16d7e7e0dab16e2,539,0,0.15006554020043344
211399b2b90044bf9ea039ae200dca5d,370,0,0.16630067694135175
d5923ccfe50744a58a278248f9ea1cbc,80,0,0.053865959484638015
2d96da75f31d4a229b6f6fd9cdd6bea1,661,0,0.03888008691769912
e3967dbfb1604f68b5587e2011f0d303,441,0,0.058502896215717304
d6c4a595f79c40b7a8e73cce95f60a79,164,0,0.0964774988397949
ea8b6c72212f43ba9884fcf866b96bde,133,0,0.18476039841157826
a73e64048eb14c70bb3ddda66e7baa8c,66,0,0.08619009289946111
533bf9c3f5d9451e9a3bbbb3798e8d82,222,0,0.16126310464598526
8b8ab7169d0b47ffa04bd13ef134d395,753,0,0.10537355158297607
6a6a6c75997a45b2b7ad796b33c863bd,0,0,0.18376028992990295
96a69e60654b489fb0bae64f4fe5ae2a,57,0,0.03175681114717133
200b8204ddfb4a7ca3c284aca573efd7,197,0,0.17256879739141517
f7f71025c012489ca56e38e0b65c2492,114,0,0.10643189081680454
3cd4c187374c406dbc1e01d9a1c4a45e,273,0,0.09362324332425931
c2ccaa9658f941ef8acc4e56b093efdb,600,0,0.16587903672027543
4250ea1d042b4bd58ea85d0d4f972b53,198,0,0.09817966145098306
ecb1a33fffac48a68b4afea1e9c2afc2,68,0,0.09481862068504754
010d84e2bca8439e82a710f87bf7b082,733,0,0.09506099233797521
01238cad41e24e1790ead3f0a5f288f3,184,0,0.18586553665708988
9b317e1ac343433ab427be0766dff5d0,746,0,0.15816655943600277
04754c8eedf3400490ba0065f5f5a46d,335,0,0.18000982856954179
13e9f83e4db6422db3c287bfd1030997,370,0,0.05797687866298329
9481d56e59c6422086d0ff2af01aad89,82,0,0.16689123409830658
ea3cc1419f9b4d7fb4a0ca8a5198533c,605,0,0.04317390023874085
7bbee504babf49bb9ded7e2e77c84d66,590,0,0.17188162757224984
c45a2a49cc054baf9c78cf2ee48d87ef,285,0,0.16659880217967593
91128f3761f9436698a7aa33f74fdd4a,22,0,0.14913819348966095
02c4de5e90c24e8ca65280aba0f677c6,550,0,0.18773227351620958
191ce04296a741e4b97491f0405c47c1,765,0,0.16000147431186457
1c27bf9c2bc64d03b3641ab8367b9e0a,447,0,0.17260584502166593
fcb89e680e3e448c9d1e4f58039e8390,770,0,0.1833094377014592
ade19fbf7e254fb18daeedb80e0fe375,232,0,0.17544919551408333
4981ca946ff045a3a7963e94f386a548,247,0,0.18641239342949611
4fb4efdbe908409c9d6acd2cfbaceca6,512,0,0.15790124937185746
c76ea7bf86e54a21945ecff4dc223747,64,0,0.16194404572054777
2c78c35d175b4242a854b3288672c847,735,0,0.16424190962275365
3297a291733944989b9679aa4100f37e,579,0,0.15775322372763567
df47f8f818eb4e92a9fbbecce28c7a8d,738,0,0.0909339371791622
d5050094365d4ceeb9e88974468401ea,285,0,0.16172710095285464
7d3fb27e50614948a40d1335c0cfb7eb,611,0,0.17175550597390193
07e2740f95af46d78c76296e23870bbd,220,0,1.5659839405546272e-05
0add7cd789f74413b1ed1e631ba6529e,743,0,0.17340323997168477
b81ad75b6d2941e4a02f50d8773d0966,464,0,0.16196914850451138
7ba5d6e4be0b47cabbf07137fc286883,23,0,0.1676427128642622
5341eb9b20a24ace9f77940bb9586361,383,0,0.1810930088030277
4f9d8da0ab974b308d50e93a8b9041f4,191,0,0.16862634418239442
d7d37a008a164a268c4c00324e60b3ec,581,0,0.1804254840800496
1b348a626d4646e3833a61617e937638,489,0,0.17190760370254227
4094f05d2a4042aba534ebf864edd625,749,0,0.03289159289406873
7755a43d18ed4d3facc95d07349e4948,663,0,0.17490385295751948
559e8cdb11ea4746bb50ae828a1e7494,558,0,0.09057033029704564
5553cd3918744466ae6b59cbb0513760,289,0,0.14445487448010014
ba46042bc2774df499d8838dbdd0b65b,487,0,0.17991823834839316
d6b609e10ede40368ee67fe40a769580,346,0,0.14510329690140356
3e2642f9468349b0a117e2c8951f9062,306,1,-0.027956895745980703
4e596db216b646a58653247d2d07e271,581,0,0.17513607355534722
90a0450f0f684d6095ce3a5c96e45d13,668,0,0.07549947865280082
a7b31b5b471e4a88a3ae02d88423985d,212,0,0.1763723791667388
d516bca537a44868a79f5ef1fd73efdf,402,0,0.1055303948132904
a33aad49a93e4562b336b716844443f6,671,0,0.18766695575197478
97c1554cef844bbdadd124eea3176bbf,42,0,0.13078494745872982
f0a279658f91451187946b11c60c60b3,223,0,0.1252361630428604
5607f9c61df04635b0e7a2bc7831b3bc,669,0,0.020110738478393175
4f7830e0ec6f4b3d8f95e1b0a79f9706,768,0,0.10121553833573943
51847897e9f64872832b8208b3b59630,647,0,0.13545196923427955
e579bad1a4f94a1eb33919c7084b1db7,127,0,0.11994769347413597
3686a1cb795448cb9c67327958af2b17,234,0,0.011616831554665419
2790003db6a84adaa828725524a0974d,771,0,0.1302458146755493
5e2d563a19814f2897672f1a2f4b0100,703,0,0.09615982275486434
a7380a032c8f4a46b3afb392cc4fbe23,27,0,0.10928480253656131
d0a9e9cbdb7f49908dcb320500837a2e,621,0,0.01870549273475175
7310a8e6c5dd4cc1ad617bf6384bdb09,396,0,0.10877564852473187
4eb4b13572614fd9819f2d1a578fbf6b,176,0,0.13408820897704532
d050db30e97e409a83af4399385294fe,549,0,0.13033444978717973
963c9d6272f14a7981569f0a29a535f0,799,0,0.12041359301574317
0c459d271c3e4480a26ca00a57ee4387,30,0,0.10553901000107208
629b2c4abb1747e9b4bfbbd13ef42ea8,65,0,0.1253394178310352
77a89ab230124b769eb4cbd20799290d,311,0,0.10315579031738614
1e19c7d098a7453aafb632277c2ba50e,200,1,-0.028078480259257854
ec7d5f7a474742d79c18a8750d7bf14d,419,0,0.11153587532099585
465019e1a906499da04c1488ebe5d72b,243,0,0.11503997167842206
13c87d6063ea49d388d494820c282fc5,111,0,0.11662630993097817
3ade4e8c7a7a48b1a38550e37f49be31,721,0,0.0403879834070357
8f8ef34296aa4e23b24d429e753aad42,463,0,0.04050174852786398
2e9dc07a2fa447f8bfcc9a7ae8037a96,176,0,0.1325532881259111
bf87bf1bddee4b3aafac8cf035523615,152,0,0.12880141096546793
8017e4ff854e4dc79da64029582ad29a,251,0,0.11458531305330044
2642abcf06c548cd8488426e04b22e8a,538,1,-0.0066998686458979995
62f9a425f0594c93aa321263339356ad,366,0,0.13253889689061266
0133f3835b73458ca93d5790a1c5272e,330,0,0.11263525791865209
974f3d58448e49538b29c6063926ffdb,314,0,0.08398877165255841
5ed26f31640149f9ac29a19b76d7c0d8,343,0,0.10211362713624256
c77bb5a22f8f49bb9788357fc85ae5f6,448,0,0.11851461666493274
6bdbc5d0ec604784aa9896d942692ea7,75,0,0.11844435886132543
26d11a476c9c4bb696a94201518503ab,243,0,0.13024054096747079
9e3ea8d2efe0472e9842f79bd43ddbc7,89,0,0.1213354269895322
ee250bfaa458418991b08848e686e3c6,602,0,0.1239733991004241
472e68cda4d842728bd235eedce4b74c,292,0,0.01187213750318672
5f042db04dbb45a08feb000be0a8dcd4,176,0,0.12317481188235685
fabe279fe12d4621890bddb5aff67a7d,310,0,0.11540113332259772
3457d85971144e5b857959ad958b6112,307,0,0.13444826720145914
006b4cc2eb9f488c9a6d99ab30bd2801,328,0,0.11999076619061472
b4ff1953f3454ef994846306efc05d59,416,0,0.09999082643740193
a2001d83f75146d6a5f28c5b7f44d35f,8,0,0.055884647752579175
d19445d4eac945f8bc20f62f3fc5b787,283,0,0.03130644113482606
34bad63347cb4c59896f905e5a21e002,246,0,0.10663912149611177
f79b9338c690432da499267a143aed97,676,0,0.12354156576106234
d7d3fa3d369a4cf3b2928876cd5f8c11,741,0,0.09658351542519783
ae8a6481c25445e1825be2d1aa96d304,741,0,0.10479173997014063
98e40a2ccbe341dc9ce7a1d04ea014d6,741,0,0.029356330803610053
bbacf6997b9942b886489a7cb42a6448,741,0,0.04598707862015289
2ee91f53db4f43d2bddf6876ff81f806,741,0,0.11819379819441722
aeba416b81354858b5d3df443fb5760f,741,0,0.08597936256822164
724162c0d5184c6d8c39d975b98f57f1,741,0,0.10857933986144447
7ac124e0cb9e44c280d75f2fc2ea777d,741,1,-0.042749245905686184
370f33a43bfd4efb89cc5b4d67523cf9,741,0,0.05740887671410799
e45f75ab5e6947969d18c2a0b7e5b2e3,741,1,-0.03211654575009082
a94c47024955440fb49c05ac4ea09429,741,0,0.05597983974188303
f4b7247595a341eabebff44952d76f88,741,0,0.0596353826887272
0de259ed35804f2cbd81fafe34482be8,741,0,0.0358686634984931
b5af5323994a42e785cbb6bd3cd3a67f,741,0,0.018103033542147595
326c465465a941e3a1a7471a783087ae,741,0,0.0009366513441168012
30e36529bd2145ac87542205960b1df0,741,0,0.006813309832102599
cd64a49b54d242969962140f24a5a3a3,741,1,-0.0009275531226535794
9c8d39f74304421cb48205f0e2c681bc,741,1,-0.09394175863788268
f4b8658d2b7445a6ab1382304170adbd,741,0,0.009279468634937005
49ba8d9140404499ac38e38c815670d1,741,0,0.005729798267701702
ecd07b5d5e4b42108bea2756fafcec5d,741,1,-0.013480530807883806
58814f3506184c4faae88cf64e3d82fd,741,1,-0.0034844552914629068
570694975bc647fdbbead830f4bd54ea,741,1,-0.02953852024872672
47d4691a00424a16a58604a9085bb85a,741,1,-0.020853151860737218
eb477bb2826d4cee8a246c7203adef32,741,1,-0.019901959758887866
79d2c4bdc3b14e64987934df202ca542,741,1,-0.04308074979299381
7075e55338c2469282c59d3fd337f84e,741,1,-0.03168301529217998
d969bc5068b64eb78a39bb416d835a44,741,1,-0.06498171170364575
460cd1e1a48a48da8f9d5f2ebf2ebb03,741,1,-0.07065284992917398
4dca675da81640ce8b10b6cf0932113e,741,1,-0.034485259245906064
fec53dfedf2042a09cd53aea671b97e6,187,0,0.025093168995798887
873ad31f98ef4cc4b318f5273d89a01d,339,0,0.02738891027651902
858e7429c338472ea76191b29fdbdec4,597,0,0.010248332019617612
62ab4d3196b1403a8e0955f4907000da,419,0,0.173921626199672
773b59198a294bd1895d5c3916612f32,488,0,0.0686203232245522
de6f7bd5bc884d78b630dfb290518945,703,0,0.1158539314940999
ac5f9459e60848199a0aaa0d9dc3c2aa,768,0,0.1668246050590496
1c6247be43e746e2ad1ceb2bf177b182,744,0,0.11794421757901663
4b74609928c444c199f5619304b8e3f0,666,0,0.1340242302712289
b7285c1210b24fd1b1c46ee0c66e98b6,49,0,0.1129898571787093
7f2db12a3ee643a39617d89d13d9b482,9,0,0.13482721548674037
bd2c88a83f134b62ad8418f72cd0960a,678,0,0.12150021654460441
d426c2133f754b7fbc71b4314c753343,419,0,0.15596005046310968
3240df83dba942218b214d222393832c,448,0,0.17738822986742636
ab06285d2be44e68a6842cb88f8f1b75,494,0,0.0120550293114694
aff7747455d44df3bbb07bcbd0d77558,152,0,0.15232697064141554
14b60d677b65484c8d4f72bc7da9b784,503,0,0.11308658327559984
4daa708390fd4abdb9e06fd926244679,509,0,0.12640460624302846
cc4220d7f8df42f7b082a6e17e59faa9,93,0,0.11431003956432889
923c97f9a29a4a66afa6c806293262f8,311,0,0.15773953362215953
a52007c2215f471fb805b5daf88bc9bc,775,0,0.12051779296049614
397e6dfbcb2b4d42a6c6368370eb34bf,688,0,0.11134404436140094
5dd80c14e17e40fd84ccb6a6a52f4f82,461,0,0.13422231600249146
48f4b6fa03cd4eb5adc9b7cc1e701117,592,0,0.13114051648456043
170c63d17f9949588ab814ff458c4ee3,106,0,0.05925352162814296
800808d6e1b94b2a9bfb304c83f456eb,623,0,0.10293329889412439
51a7491678dc4da7b3aac23237941e35,754,0,0.13080627499177566
48757818133f45a59d9d257faa7d0ac6,683,0,0.13400310464105425
312eb74917f749cc9b36b92ace4f9784,13,0,0.11266782795895264
be3217cd32ad4a439778e67285afa33b,243,0,0.17948570229541855
ddc1cb7b7fa3415ba80eb4b6bd33a4be,773,0,0.12312347177622146
cecd21120afc46339ad3004cd76d0951,41,0,0.12788949278708117
cede113bec624944818f894435c2fa2e,246,0,0.17052344684096682
35f20c1cc70d44c79862432209564506,470,0,0.1316356674878001
180d1fd0f6204d7eba073e7b7de90da8,75,0,0.18325907235023442
8f10b8bc43ef4f98b7e0097937fbee97,233,0,0.11220681695856632
2e43545655854adabde09c2e53e0eb23,676,0,0.17808984181372672
53a7004b1bff4181a09f67c55863a9f7,766,0,0.02373852748721772
f0437abc1eb04539aae5f8a897eb4c9b,687,0,0.0339403725812365
ab110c1fc760438480be6ee2843f034a,368,0,0.12262406968341583
738b8243159340cca6d2b810b7bea7d3,111,0,0.030688758758609547
cd4363ac5e504e7193a3292ade5bb88b,669,0,0.1691813716312392
9fb86fc420cb4ecb8b15c318cf7876f0,10,0,0.1283986001408276
e0e2586fcbbe4fc0b8177d9f309952ce,353,0,0.1161380398073063
5da8128afcb24c449c953067eac73fed,513,0,0.13057097301858717
a32f49666cd042b88832bbd25fefaab0,785,0,0.026093363231770472
e869579fb8334ce9921c7dc5341d558f,741,0,0.17900222189601367
f0c9772ebcad4656b356ad24f281a339,234,1,-0.010868106293864699
f1889498bd6f4900beb119d03cbaaed7,716,0,0.10400112057488142
23f9bae795834da2917d8f5b80612da3,291,0,0.09832584354267648
1b1225ac47834f3195893097f3d1efae,572,0,0.12242382896151688
b6de97afa38d4c0c8d3f2ac0cab388f9,775,0,0.17930663455443052
8ef18638ab6d4db290f833e2dc1672f3,782,0,0.12813509358924385
1fc99d6741c14a299adb9ec52d215f68,768,0,0.15391621645127135
ad6f6e390f2342b6bb7a42689baf03e8,561,0,0.0930603057473895
69141a09036a43f48bfbacacf6dca9cc,9,0,0.17268275170668362
a02ceba2705a44d78a9ec8526e9f792b,762,0,0.0562980828898077
0eba49fe15fa49d484def16c808be00d,677,0,0.06476597899203806
e46c79415f7c41f39884594f2e2bc220,767,0,0.08588381621678615
c4f8fcf6e93a4a62901af10f0fcf29ac,174,0,0.09251326361292661
a16b2b30cbf4486d94002aab7ec1137c,10,0,0.09798565843763651
5199cb92050d4b70afa81850cf51fa75,8,0,0.168625462047725
a7078e219c404a8998307503b691bdf4,50,0,0.09466286276371566
970b79283bcd4ef5a5e32711a7288478,744,0,0.16798828745610855
8ed94e8f6bee453e8907a61865a304f8,330,0,0.17765185910768944
97d0ab03d7a04e23ada68b233c338cd0,241,0,0.12130245487977792
ea810355a6534927b4a1b3aebd9faa89,549,0,0.18372346354732583
14dbb6b61c4a41819523c766afe87214,448,0,0.18254420597832238
b27bec3e7b8649a0b946cbe6288c9e8f,509,0,0.18758185408875716
124b2abc1ff44679a6098fd5500aa496,419,0,0.16650866532608022
04381eed20c141cd96d797a210fcfc71,631,0,0.10509616877405792
90442841d41c4dea8e79e5a9e4c67fd7,531,0,0.11086351848908071
bd01be80e55c4d2ab92573ae4b4ebac6,681,0,0.09681588021907062
d1de0e829698410686c0d4031eac5d2f,762,0,0.018345738684871882
aa8b78cf175d433290855fd80a51882c,307,0,0.049563696736707574
3a0719e0be96472ca8302d275b8d6658,408,1,-0.0180243675958901
6ca5b6b8e6604b8eb3f41d0865ce04e8,775,0,0.17518693194143853
709533d7602545298b6f17a0a145e663,264,0,0.11715375403516565
2578c6817c034d02a22d3ad9f21ebbee,8,0,0.06500485989330518
72e9265208a045609a0b9e06ffc35599,675,0,0.10939234382937796
8313c86f94f8483fb77fea4995e0c794,190,0,0.1343662165986807
ce0d9663c2e642cc9154f291e2b7f9eb,568,0,0.03643670417206174
f31008fee0744e1ab67171ec9e17f49d,30,0,0.17449402390245133
b5f21a6104fe4e74b792e952f9c6264c,631,0,0.03470156080974085
a2e031cc050d4b4e9a155922065fcaa4,396,0,0.18112653036359838
9034d81db5fe4201b48dcecb671d7768,721,0,0.1777379087014983
9b6df6eb3de84b588ff6a0c482815635,50,0,0.1852986514829293
75b5080000ac4766950861e59233f9e0,792,0,0.13049351119582647
f89fd0df3c284cbf8a6b05272ce74f74,25,0,0.11913810883522685
7be2d92ff79b4385aabf81cb033fe412,675,0,0.13754914727939155
aad3a188db604f92afe871577915b4ef,33,0,0.11605482071264256
34059f77ef7744a68441a3946bec6fa0,339,0,0.1786945442720072
735d7f8e32384fd9bfebda4d987f87a7,592,0,0.17310435843751443
8dfeceb6b9c947708efec822fa6a1f7f,330,0,0.1781782255604784
fd9f048afdfb44d6af34a158369de233,437,0,0.11399127246511997
2bc9f713186744f98acfb15489c4af27,723,0,0.13374110829406338
b07581283804407b9452fe489e29df39,24,0,0.13029623941065488
748e84bb46ab47649a8217d4c6cdb892,307,0,0.0719354169754467
1a1b2518613e49d2b1a2fca5c34e86d4,29,0,0.12256464226368952
692a105e3eed4d1badec38728c02541e,549,0,0.17086364058515452
87e1f571eaa44f37adc6702a4a8cdf3c,152,0,0.17766414922007923
8e625a373339411eb303a1bfa8513029,494,0,0.16286696639569098
3ab72e1739b148f2ab6bc6ecbfcdd57f,396,0,0.13501709721797006
bb685928be9640ef8bce4f66a7a8b027,45,0,0.1015215245235706
daa25a24e9964b8a9195dd2eeedce5af,478,0,0.006758549397807845
d66cd3d2d5b74a57be5cc876868d7d1b,776,0,0.031453733943017814
0b4bd1ac34084fe9b23fc93d84fbf97e,637,0,0.13356037381993024
22eebeff43d243f79fdcc71ffe10fc33,691,1,-0.03730705667208589
2e632cb07b6743d1bb31cd7dd4c02bc4,631,0,0.08465630329159363
9844c8f7081d4e80958f80ce308a5b43,776,0,0.1497411483647328
496878531ae04627a010de070887b766,782,0,0.16741724284695164
abe1b88752274e48a1d46b098db3c88b,631,0,0.10998993452735567
373a41323c074902b5d6e03a4b4520ac,681,0,0.1865064944141826
45dc1fbb4c0340a1a8d2e752f22b8342,79,0,0.04958633355587716
ed7f1ba356104cafb953546cc2b335a3,568,0,0.11558597230839168
8e454410c12b425185b06454de3eea80,150,0,0.10427173547396035
b21120206d564e5ab044f83f3cca497e,768,0,0.09003082082897135
6b187835cef44e22895756fe7f27694f,251,0,0.09129687649293355
2a287e2843be43e48793afd8fb0a84f8,767,0,0.13007441776140866
4cc6c22306c045b2ac01206cffd85062,676,0,0.17966894800484856
2f0344457f9d42c288125de5c1329ae5,353,0,0.09742244597760902
5396f7d8acc94d9a9eb95b86a035a6ee,295,0,0.13297869545180385
452ab55074964cd98ac8684e8b324234,279,0,0.11839073089159241
f75ee8acb78243bc9359f70952390c74,437,0,0.11948528829412208
0829f547e4f34ae8b8eeea37764a9100,75,0,0.07762215117504923
0df2ff9df2a140c1809a5408f6b212d7,264,0,0.1814123944381581
7e22d4a7a15748968094eb7906ba0b53,503,0,0.024687114556813494
aca120eed10d4cf5aeba168a391743e6,147,0,0.09567696390891661
35212e8f46b348e5ade1858b3acf4ed2,152,0,0.09676756554875382
b037c41fb9a747d59571e4221fc8277d,724,0,0.1122534460470836
e7e76c027e734bed9939cf21eb9726b0,56,0,0.06552461534297488
e1173fd6c9ec42f0a39ef16d8ae20441,549,0,0.09968475371761298
fc9c397f64bd44dda31542cc214675b5,411,0,0.11845572254028336
90e7f13eab9c4e8db5963035e5d07949,675,0,0.11877431365554353
343421587a4a439ab02bd6ef345df636,631,0,0.08588990215286457
69f60779845d4b1797d30329cded9d66,75,0,0.10651738690925439
c3fccc892260497598cd157dad1e7fdb,343,0,0.18232222313002017
0d25a6ea0e1041c9a72ce11b69808525,587,0,0.1334174129229681
38f5e3bd8eea47eabdef761944405cda,41,0,0.1803154958858863
b77df62c60aa4cffb359efd41cbff4c7,435,0,0.12303912977028691
f8648a383ad5400cba0863e26b160c01,24,0,0.17501949435738579
002eb816529c42c6acccf6e5538b8c38,343,0,0.15286317849897446
03c3c6c0760142e0a339d54579432fdd,572,0,0.17934398096643023
8178c156fa534f3187b2792d08a9b496,343,0,0.14980347270370942
37de282ffde64fdeb8f80ebd18eecb93,175,0,0.10953003650117948
fa553cf3ff6a4828b7952842ea1e85bc,295,0,0.0936534559162377
6da05049750544a0a281ac1e3b320ee1,292,0,0.18041891667881488
b045e078845141cd8879f025a6a80d13,25,0,0.17966871068098283
5d2a6f6a77ff4638b57557c1d61ee0fa,716,0,0.17507885641063586
237d168c35fd4c57a230bc738e872023,315,0,0.13334984412196016
3b8b5c3b656a4ac9be6b19a3918091d0,279,0,0.1782137943588868
f13abb62dd0948aeb7dc3e3ef43a2c3e,190,0,0.18626271682149081
113c6731a23143d49a0910c328973707,309,0,0.12851556444068252
e8e54453a0104056a8fdfc6836f8961e,17,0,0.10280780702990922
f56c6b01ff174a769f92ac7371d47623,147,0,0.18212619096733473
12487ede605f48c2a96b14d4ac373652,17,0,0.16695935161955866
14a8f7eedc464cddb47854b5b1799cc8,452,0,0.11799879999960455
1def26aac7a842c0b0969fe027a34393,683,0,0.18202697872893592
70e3fa2bc7fe4667a142b5e8bba94af7,231,0,0.1331584770183174
84f54c7e48594ddd91514d22645defd7,688,0,0.17989221452592352
ae851598220e44f19aa8dbcf9a4bc69d,716,0,0.09637894514736295
5eca022e30e84f4686ba253384d06cc6,460,1,-0.03538547605064313
cfb9dfc412b747b2b04b32479a4aac37,33,0,0.16974183770976276
9b234dcc694d4545af7a76991f66d0e7,400,0,0.10945540161988021
ba82150e53124d5c91f4f24219d526a1,28,0,0.09860467816481533
64f170d07e154478abc4b9aa073ffdef,253,0,0.11283871599852274
03cb9a5fda794282a4410c84e11a90dd,704,0,0.005216220294696261
d72b99942cdb4ea1a5ed5e77e82ec3f1,432,0,0.10473694200423717
5175743b9ed74c6ca73ca5ea856b122b,411,0,0.03101198604456251
0f38594e34ab4e618ea9ba7abd899fce,592,0,0.06285643700293203
c96437b914984c99a406a2359abdad47,437,0,0.17406028404151058
225d895af16d4a1e8d8101fe5a569187,424,0,0.10657378362494618
5a7bb8ed508a46bf876a2057e902c018,687,0,0.17567177686724456
95504d99b59447188bb57e796723d16f,676,0,0.149950102825691
11335c5300534e06828d442b686e5a87,65,0,0.16713931303767754
9a852cdbbfd646dd94e5b1d6d4ba8bb1,65,0,0.13617692349230753
4aa8eebafca749ffac85913ad57c5398,241,0,0.17715906972966522
8e185adfdc9943fdb49b72d4d56607ce,8,0,0.08364971839687191
d79b5e76091e497f87bf220d2214b47e,161,0,0.10584103537819534
4cc97f495b5349b19990e891f9b48b91,703,0,0.17430722568841944
238565c838be4904af31e5623eda6d38,379,0,0.10310523373666453
4d5949e45b9a40b0a82013c3f5659eae,42,0,0.17676595275117551
5547fd2991974dd09475208cba673c27,347,0,0.05051263163701819
8b6e36c774cc48918f6a4af3cfc8edec,440,0,0.1145584320457601
1c6e6bec53e34bd8bcba40fdc5de6030,782,0,0.1306670600027442
53944ee41a474b5ea035189aec56a5c3,36,0,0.02371119904106539
cc509bfec3a946788ed195deebd02972,785,0,0.14866558468428487
4dbf23ce666c4f88830908105891e75e,716,1,-0.005148449956127288
67dbd5356a26402d80d0433137d7d5e9,724,0,0.0497174314413904
943b88acfebe4f8c92506a3ae941c969,463,0,0.09298159260810107
b04d865bf15d42eebaf1aca1ae3880a7,330,0,0.16896756363820836
45f8e0d941494108b78b8042e2f7fd9f,412,0,0.11561165313253902
c4e3992db9bc41649e11692b3b28f1fc,669,0,0.17214968982123985
7b415d03bcf64b1cb27d494a1d42a287,376,0,0.1100543277985555
9be49722dc57422480849bb4e1303fe0,41,0,0.1782091796742351
542db4cc81f84e5195068cb1b2ab7719,437,0,0.1019134163563602
bf4647a8b65e41238100d72d2074e5bb,676,0,0.09971638559026047
d218459f5acb455e8e8d6f63ba94e004,762,0,0.08539459086448359
ce47062156e04314a2bc793f7bdcb03c,432,0,0.08884014043722566
733770be4c0a47a096772093f4993863,479,0,0.022616697635730487
a1ab8ad76f8d49bc8e5dbe4a1170e47f,483,0,0.13245136899521565
4c9fd64528e14da4abddfa6a5e4ee88e,264,0,0.03267128814397202
ecc40f1982824d28820f557f91cbbae4,233,0,0.18654655264570252
8c9d8304a9254deeacf10a472c05421f,30,0,0.18418739542416684
4475dc89104345e18f6fbf552994fec7,411,0,0.18146689357706441
25984da70a494a268ab9ca502c23a397,28,0,0.1850465533469069
ce260e985f5640d5ac8d5db703ba34d1,792,0,0.1614245940623273
01748daffe7b4e659e019235a438e166,609,0,0.027817984322721145
cd8ecc84974247798ab06223ac1e77af,602,0,0.16938113665842663
1710925ace63430ea2e132271e002fff,33,0,0.08616600707466171
39cef1a2aaa24d5185e00dfef854feed,716,0,0.18301415088529982
2927585471664c3ea854c1e6e5534b17,24,0,0.16383197009876754
a9283924fa114e75bacc5468420358f3,187,0,0.175455063453475
a516dc1b39a44374b4591e9d764a61ea,27,0,0.09321100847184466
e0774f3b0ff943cdbce323e8fcf448d0,251,0,0.1567213203972182
7617faa43dba4036be902ba82ca0eebc,625,1,-0.04626148450661305
cf84f5d4437444e4bef87bd556532866,678,0,0.17405185192805883
4c5727d0e3c44dbb850bb4de9b260466,623,0,0.17979460863490682
e12fa9a2a76d44a7896220e2415037d5,310,0,0.1789945535115099
b05c84527ca94303be3d52fd1e153ec2,675,0,0.18411229625270936
64716fe99c59471babc766e22db23976,330,0,0.09313371778421958
3397fc60da12482e8abdadae71200524,231,0,0.17200641217468415
7d6f5012adac46d1ae1541d6cdae3cf9,592,0,0.16920957228478722
94d697b0eda34598a6501523e0753e72,716,0,0.12113768074682396
3035856a34a34304a181cdba2fc24853,452,0,0.1760825822290013
def4d2719f384db4b37e2c011f3bc2a8,572,0,0.1855243243291978
a3d557fbe6ef47f3947084da0a4d5194,691,0,0.16560797060578375
2c9a391803cf4843ba164f2d0aadf427,45,0,0.11704768388823988
ec6d3c4fac4440758efcb47a746f377a,8,0,0.16840107149115358
49016164da9f460ca865ed891ac98fdb,572,0,0.16378011401894682
567cf72be6674f33877de065428d198a,683,0,0.04919245009728063
0cb034f89492486bb326a0d74afc5c54,343,0,0.18677202736052506
f236af28905c4baf9990cfa5247b8ac9,568,0,0.14484799408649562
b6eca6880ac6494a81553f46ed062d31,599,0,0.1298193062316601
1eed48c45dde420288529d994fca01b1,30,0,0.1794671635686093
ee93443f57d2486380b640ee99754822,200,0,0.1611275333101756
069ceda4f3474835adf651fc3606447d,253,0,0.17415164542666461
ed6eb368fdd747418795413e12335c14,744,0,0.16220337551629327
85a084073d8d4a6bbcb21db6403d4229,597,0,0.18735518286030806
2819cf2be91645ef9c9988a90bbb67c8,597,0,0.14551140199201273
9778e50f0e4742f8a2acc8a463853545,691,0,0.12491658135477862
69befb12ae154dc3887a01dd67e29a03,435,0,0.09095250255789106
8e2e3044bf104e7d834c58b4a8980ee7,338,0,0.12091565711300112
bd45a8b0ab0a4951aa40c524f76e0f02,400,0,0.03617763572300975
adb56945ff284811b61d7f96b1737f2b,538,0,0.183352821736056
dcdb48af6ff747e6a562836f7077a6ed,754,0,0.18742667376668265
4460ab387ec24d52a6371c6edd4b0a22,419,0,0.17800065990909514
25f858adf4314bec8a34420d9ef3cf43,650,0,0.018368097550616413
87f29de219404d2b9ccea28f19926dbd,49,0,0.18018253848459032
a8140a6b8ff5404fb3d2ec0b88f90ff3,28,0,0.16726822544827608
0d1ccdf0db4c4c8e9154a2af53f5a23a,741,0,0.18402594270257977
ba5ad8706aa349b3b58c8217dabcecac,223,0,0.14204786401893293
600a0769588f4d72a43139dd4e5c8094,704,0,0.1747306172400635
de3c52934c9c4bc68103342bf3e23b12,599,0,0.05640869169910412
87086fcbd84541b9b7aab32e71aab4b6,424,0,0.18048782783157769
b6e3e4a130f04a3c957abcf32a28c32b,716,0,0.08563565550488295
98be41b9eef54001a15192722958949c,13,0,0.06939288143008326
4c779c583b534c8cb2222f4c25fd5550,315,0,0.18536108382166766
298815fa48014fa18d3c2c8f304d2782,127,0,0.17852413103213183
776d888355524d19a375060b0e203076,28,0,0.1325802836137273
8978a101987a4c34bd463c406497c27f,592,0,0.14436069864711693
28f633ae03d74149be06bc3fd0810072,437,0,0.1788374640683157
8c99cbc53f52479cba24996c61a7eb05,766,0,0.18231532573687487
8944822aaf13445e9a816595e57f0a61,30,0,0.18730390871521674
16caf5ed1259459097e81b3298c930a2,681,0,0.13207703722958003
b8c645143b554b9eb284fd05da580634,775,0,0.18612815712856445
ac30e58c0d7e470cb26eb34ab5f0c379,338,0,0.1086511354913352
04e3b6630362461cb314959ae8041ae7,742,0,0.1008836852022626
582e2b0c34f54dce94a0a42028964549,621,0,0.18307277308456454
305a52187ae64361acdc98cbaa7ec0a1,716,0,0.06901241249073098
2aad3e2553134517910dba123ae6c6aa,675,0,0.1594549929476724
926ff94a516945f7b617ddf62ba5a718,681,0,0.08606314800353687
b3e5996e2d1d49aca8ffeafe2be42587,229,0,0.12210385584333083
4e7f38290aaa486a80cad9034b8cf2da,716,0,0.16311159272185694
a96e425beae147cc85a0e8cfc075c83f,89,0,0.18280218856462377
c50b6fa8cd3b4af98f88c2bcc6afce2e,303,0,0.13414867629456956
ee9e0d0e94574b298e7282417dfac049,150,0,0.1789167570881996
871c7fddde1f46589d62225a7c5a54dc,675,0,0.04688120209628671
b4b6b2fa46834b088b4c7195aa1ff83c,432,0,0.18269498683190882
517d97a3280240c89d49772ae527fb57,561,0,0.1257795868801061
90877d95296048bb869c680e5ab532ed,176,0,0.16100936637224122
2e96f285df4c49049740a1b4ffc0b6e0,531,0,0.17752614853913917
50e43d4595c94ee192ce4ab724654737,45,0,0.17379982792547866
10c221dace3a46898c079f39d4a9bfda,231,0,0.13842838098010507
78125566349c4ea5a96ec3ac6e3d0908,357,0,0.11112042182025916
3f06456ffd9549a18847c280ae3718d0,174,0,0.17892543595513327
22b228060ccf44859b6be39fdb854ee1,724,0,0.06271089595662105
c609b7588dd94f42ac8ef5255ef85bb9,677,0,0.10288300901414249
bd3805d97e014c6bbc47cfff78ad7ca6,621,0,0.12485620237862277
9a55a421295640feae8cbf766770e9d6,782,0,0.15749928067419
e2b61921f95e4af99f0654b21759ee49,174,0,0.1575328413602357
6718f30ae62e4aa1a411c208a79519cf,339,0,0.12363449876936522
47f2b26482034a3c955b93c974f1de8b,681,0,0.10380607899085803
a5dd72cc081547299de296f4919c4d09,8,0,0.1824080204463368
a1123f68f3e045dcbb1a843286a3e997,785,0,0.14337240720873085
f1c7f64b070549d7a9dafdb988f86edb,93,0,0.18320593639952482
7c096675af494fb8a3cf0f4a90ce596e,716,0,0.05838324486762525
28a512868eee4448bde90c14a9e22c06,403,0,0.10154866127764989
5c36d7deba2b471194fd5a57b48d88ec,412,0,0.16885035327328163
26b3887b950c4c02a86fef634939fa7c,13,0,0.12668765150009592
16c8af1963b14fad9207ef9c7f8588ce,229,0,0.17950552879260107
5470095f8da24566ac082c1b9262cbe6,683,0,0.1830722460954608
5d425b47ae8d4fc89bdf45bba82c353d,509,0,0.18115125191102477
848d7aaf4ac84928b62ab7881f1dfad4,766,0,0.17906606883934745
0162877faddb439c8386e78f8befda32,766,0,0.1653768952651024
4e9023fbc96e4004aaecb35182c010a0,572,0,0.175315209302414
ce65a47251eb41f292fb644fe3384fa5,488,0,0.12731575567206832
5c8c88f461dc4314a2d891721b63b20f,111,0,0.14363607530126743
a33cea7674d549a28607a39b4b5732e3,343,0,0.16391098396652287
d2e6aeda0b114cee909b5b70529415be,49,0,0.17192970549906067
e1c6777bb13f4531a63e92be0739c0da,400,1,-0.02872655019657
59a3682516de45269f01b884b0eef0f0,716,0,0.09477246923682353
f6a180a5bf5c4c77b92c3d9cba6fe08f,513,0,0.1819584660223479
7cae2a9b43194f9fbb77a7339d7dd4fd,792,0,0.13027090029555638
592141c027e94ffca7f2b74f2ed575a5,89,0,0.18555032769364843
654ae4aa5693433babadd011287d00bb,440,0,0.06036901471239675
cba0ab9916be4541b5e592a758462a3d,461,0,0.183243637932138
058f325f6b8a46b2a812359d140b7a26,592,0,0.18083547642069386
a91ee921ba4546a8ba7ed1fd6701d68e,615,0,0.11138978824941187
d6b9537fa510409d9c75687b811936b6,372,0,0.0923121175863238
bfe62abfc4254436addbfed788f99e7d,127,0,0.18330090254591153
094aa7f2089942daa65c20bc700f0069,360,0,0.132336295545054
a510bedfec2f4c51836741a7274ed6a4,106,1,-0.015693056678330985
23ce2da2167b4728b1fcddcddb6e9101,229,0,0.08079295328253694
b373752c7d91410cbdb8bf5fc5f46e79,314,0,0.16345899064424008
f285f8cfb89c4f2280db9c24f43247b4,424,0,0.06271073425926565
249c5103ab7e4bfd8d152894e139ae45,531,0,0.1810543776664434
26b96b4145a747dbb94805cf7bc9da50,366,0,0.18938212589120196
b8ac119bda5e4f55be7f515fe443b3fa,251,0,0.17718021360317443
2295df2cf348452891a1cda675b3d430,703,0,0.09347155291158565
9296a3efe79841b2b3166d54769805eb,305,0,0.10242018527105057
612c94f99a00474abf2b6540ee6fb82f,30,0,0.09495739938204079
5b9659596f704003bcd19da965e2b7f1,703,0,0.1638599479633468
104cd5cf049c44759c206692eaa257e6,647,0,0.18036905263339303
57586efad3a742b5af8bf0417d3d5218,190,0,0.18117116512851061
14022f3f836c45d7af626a7f4e7cfd94,50,0,0.14996415339766694
81ded0eb7e5348c2b396807fad2ef7dd,771,0,0.18026397079951012
e9f93c6f5a37484ebe9f39654205454c,29,0,0.17807799217628023
5173d705d50a40d1a64481676faa266e,704,0,0.1776119566332105
e63276d694514640a3321c412dad7064,741,0,0.16512655842652807
12f6ecc3643c4ad095bbab7c4059ac95,704,0,0.090987134272279
e5532f3531ae42e3a58aa49bf51e2c9c,49,0,0.18351391597217098
f51834f5e8c7404fb29a3b35516ff00f,716,0,0.04787669663449323
85e8f82488d045c29c6af5dfc66036f1,372,0,0.10229101065403379
169e46219ff74599ba837ca726163851,360,0,0.032612459035813
cdfbe0743dfa402f8bcf3902bf5dfd7f,50,0,0.13399480509402056
b64dbbcf6f8142cea71ba5cc83a779df,412,0,0.14959472785208522
2336097c29584834ba01ae46183b4a20,13,0,0.16766778970375734
554e6b31219143a4b1d6f9195901dcea,270,0,0.10319222526778182
d9df4b07f5be406dba16eb8cc4d64e0a,9,0,0.1776601562297928
28951b8b84ec44d48f012d80d1bffa34,253,0,0.13651452811698084
6f868b7dab584f00a30f1dde09850b41,773,0,0.1566200306960891
7bc5f287c6ff4365807f6f72b967ad90,463,0,0.02202870941646784
858577f7b2ce440aa89f0c45b07a4292,531,0,0.11151076444257363
ec3ceffaebd84eab81d88ff5ab020539,150,0,0.17295806146446757
30a9e173f890417295b5158813165e05,785,0,0.17269200241935734
2f54e49a6a504168b387afd30aba49a1,412,0,0.11373511357458105
919ea1c73ca241a5a6e65a306680b546,6,0,0.064423267247666
7fc68c54e4094500bc938e94c234779a,400,0,0.15857503474678586
64f27c85cb0f4382ab08265023e8e1e3,174,0,0.18402958417614923
1aa8e362d353406b84a0d29970f7820f,683,0,0.18056825313722924
3d25678c9c4948ec8214794951a68b66,28,0,0.17363391319999516
e0ce1ad8716c4ad489640304e77f0c2b,310,0,0.14725076353336564
efc93d63ec9a4826a4e2a79d9dbc16f7,283,0,0.1802486488705507
c246980a8d4447e7894fa5f02c3f2afe,30,0,0.17354867965653376
761ab59580524a129e4d3464e54989d1,572,0,0.1836116073589117
cc1127b9b78442a4bd335995e0b69eeb,338,0,0.08566565734176718
53ec8e5460874ae1b7c6f25230295799,366,0,0.15399541851672982
ac469f3432aa4a65a55d30cabfc954a5,775,0,0.17737059389326237
ee070650122e4e3eb1fdc4d7317b40f7,36,0,0.007837908132254157
fe2998df6de74309964cdb55d59c8080,233,0,0.08759487105387603
7179f3fc5cc8402c961fb4265b4b67e0,376,0,0.1753711590472935
3bf0c781360c4121994e46c29b5254b6,716,0,0.09866341796799366
6637134c5867405dadb081bdeba90e14,669,0,0.17913291574980894
20a513ff4a8741b6b595a8726d6ffd79,763,0,0.10600712908967674
6030d2349a814b76a27ab02d9f0a85f5,328,0,0.18317299349409877
e21638ce95974175a8076c44f0b66897,238,0,0.038159369693974265
1dec0a0a27d143c5a9f4b7842aba5ad2,25,0,0.1845437392030595
6cab6e72c12345ae9494326299eefa57,623,0,0.15465012170551312
f3b3c74d5a3f486c8c0f2d72f51374ee,33,0,0.1662111864168253
9d682437f9df494eb31c17b09417c688,716,0,0.11656097454587228
f26f808c214145288ba460fe04864169,79,0,0.028624365342209246
b67d0e5d863b4fc0ad8c1c2f9e4f4999,561,0,0.12175654780939232
5f11d2b22cdb4cd69b95107c3011ecd1,716,0,0.1465021179399248
c2942bade74643d49327415d2bd8fcbd,602,0,0.17481257270436995
e00be879aba0410b8551fab64d833795,775,0,0.10427475749578474
71ab12c910de4264b572aa7a0f96bc7a,303,0,0.18675399538130255
3220e7457f774c1fa6949653c7c44010,303,0,0.043528710148814986
8005d6f3257348abb97f58e46c58945f,303,0,0.06497151492371073
fcbccf71bac6434ba74fbda8741d795c,303,0,0.018723476020722107
f881c0fb03b0407ea3c52a7da5ef0244,303,1,-0.003542204581060915
3d103203cb3b4661b82775bff4bc669a,303,1,-0.021079555643892856
22d52be7267c4664b28ff4fca61d2f3e,303,1,-0.042879993150719
5ecc2e7f62434b8fb5df8fcd30f12454,303,1,-0.07100386216359034
9eec769292894a1a8694a420fd7ed6ec,303,1,-0.061946859074790694
1042fd22f9c54cb8bae7f4738dfc1d75,303,1,-0.07685199193966685
dac4994a868f418a8f7a333b211ef7bb,303,1,-0.11014947918673834
ccf11225c07447ceb10649881b704b61,303,1,-0.08004946133994484
aa6980d751524875a6d131d07f7de0c8,303,1,-0.09121672066287756
209a7236b7074ae4bc21787be2120582,303,1,-0.09233644044873812
63ff6562f5d345df81b253d946e29471,303,1,-0.10426171390654071
10baaa64fb18471c90333d399da92aa4,8,0,0.15874821742250472
e80a355b6837433484760c81fd228e15,200,0,0.1824419501139718
eaa0b95a59c14ceda41a47fc24503cd0,597,0,0.18153599082633975
17fe67e8030d4a3ba4d73a1c854dfaa8,691,0,0.15678342325558847
59a2ebceb2034905a688cda9f422f42c,408,0,0.18315376687548202
682279fb6c6742e5b48027393e54ec7a,50,0,0.18080545448962343
fd64990a238b4866ad48a6e869f822f6,13,0,0.15227734356887856
538f0f73013e48bdbb7b16d4511b2fd2,309,0,0.1730437388795401
016f5b11d51c42c8b1d8cc82b1a357c5,403,0,0.17929617477129395
64b3ba299f504224a3785c52b038129a,463,0,0.18790863917923917
3b6657db186440d9a22e9a99122dfa72,501,0,0.06641454547404302
f1a908e92b81459da981fa82d2ae7951,412,0,0.10520158738906293
91228e25d4084689b93dd025bbae446a,238,0,0.12266756181122607
b2fd9c89a61e4b7ca72620f05b31ee3f,416,0,0.001663972430009264
5e2e079c0c9542e0951fe6ce0223326a,716,0,0.12523901329174675
0f05b83c2fc14a65baacf66aaca638d0,766,0,0.1646695860116062
b3a2ae6b0990442da753e501d8d2fb20,380,0,0.09780127631521685
925164d3be4c49e6a9a66086f85d7535,483,0,0.16561009749162087
e407b40b83ec418b9d414dcb36ece0fb,79,1,-0.008694983656064137
99ce57ee60914469bc93eb3403eb3b4d,792,0,0.17967563754508686
250ae55d059f4b3c8ba9944889f11b87,721,0,0.1213726686067999
57792e66ef2742fc869858babb68fc1c,768,0,0.028039721694417763
931408479d514f0c8e5d94f0759d4c21,460,0,0.11609243515200468
4533a1e8a34e4203abd919a2caa69cee,599,0,0.1593839759694386
b4307946a09d404c9bb03d5b69b1f2be,716,0,0.04061103622109974
a33d07ed20a74c61a3b4b9c73711ec2e,8,1,-0.0214785855839279
1657b5f5aa6148faba288fc432f654c7,366,0,0.18631939252688717
3b1525f81cfd4b78900cecffa8842a3e,615,0,0.18097540974888843
61d7d652183a47eca1fae80e0062c201,29,0,0.08328235160774533
d6c8f99dcbd04d5eaabef45af97a74ed,483,0,0.1376106312637071
53fcdc53db954696ad2bb58e877054e0,347,0,0.18712595366552365
4c425813ff7a4e52be0c6c5169c52379,318,0,0.12008935510839042
7783b2e2b7db433ab914f5276fb76f8c,435,0,0.18773601259744366
3a24180ebe9c40988d8648af240c6ccd,461,0,0.16555166638152885
f25d3f3e144a4aeaa5d4a87bca3a243e,777,0,0.09558297145733535
a5c8ba83377e45199a486d32adc2d510,629,0,0.10085062949416806
1d3a9f68c78d41a585e7ab7fc2a5c361,49,0,0.17660974311828986
de01a5f95a6749d281407663683fa34b,435,0,0.15557934921188804
11c12c9a6d5444018cfa2aaa9c787042,767,0,0.12738833062971328
d8e21307f0c34dd0b3044a95e8a4f240,50,0,0.1671177579849511
2df0959edfdb46bfbca61b9c3bec5937,291,0,0.1837583238173413
67d6c52efa6e40889bbf0598d4b77f63,424,0,0.048085593094600865
9bb761fdf2cd40f2911dcd8f873c400e,602,0,0.1753781195666585
ca92e66464854fbb9164299c821d63c9,174,0,0.16587809254753572
8af8f7be77f3410e88d03e537d12cf9a,621,0,0.16264641867383917
76652dcc0b3c40eb82d936af4eb21712,295,0,0.17324563670412013
07d4dfaa57d249dc86a33dd1434873e5,669,0,0.1565897115510202
11f65a82194c47239f360369c5698db6,127,0,0.09593027007751459
c100caba39a6440589bc390f519a7371,314,0,0.07587255047578984
2b49864f80d8476599ca72acbff3061c,150,0,0.16160875992750479
0f11adb6cbb54d24ad31ddf782058313,372,0,0.12591033348805086
a2aa26b04e2d4235b6ab3553704c63f0,229,0,0.18182909516136908
c1e8535af8a1433fa125fb748e60d7f3,33,0,0.04641177958994164
44f3646d2e174bb6b4cdc5a0e3982688,9,0,0.17864691261649052
5a52250286424275824bea3ab05d2c55,411,1,-0.14493023034298702
451bae0c384945b0bbc3305ad2c36db3,411,0,0.01699034953746492
fda6dbb6272e4dc9b4a7a5183f6b614e,411,1,-0.03190425474592751
49551d30e2c542abbd3236aeebf0a140,411,1,-0.04077420876863802
ba6f0bdf0aac4ef7a7f5c25bf68e4ecf,411,1,-0.040289256330721446
907b32895dd04cbd9beaec1a8146fe55,411,1,-0.05527261920493254
bc37f75304354f7ea858c5187d6d0aaf,411,1,-0.09344507909777089
7518f23b57a34a00803e89bd0ffd0844,411,1,-0.0993177705532573
2d2618ddf98841fc80d47d3abd62101e,411,1,-0.11215500582420668
254e4f3682ae4225998b089b670f8755,411,1,-0.1251423122525761
391f7714693a4ac3aebf276f2acfeee7,411,1,-0.14606758360638017
5bdaa8a3a4b9429585d8ee4d1cb15ffe,411,1,-0.14307629844177572
6df9a349f6da49139323e6bda8f83d6f,411,1,-0.14565559841911446
a3d009f675594926af99e3be42ced815,411,1,-0.15144912834499746
54477ae227004305931076d4f04cd01f,175,0,0.167037221140091
d339bda3094040b4819b681491e13eb7,411,1,-0.1618065195479843
ee17dc5c4143466b992b3c0ac2c738d4,411,1,-0.16642706073136004
b88ae60c7d73499ab806eaa7a1c23f95,411,1,-0.16856203726811825
4e43de4eb496405b91f3cd0a19e6c887,411,1,-0.16588314055253361
82c27d092396444884cd0618e07def48,411,1,-0.1747110174916997
55acdc85cbcb4ebb89ec6c1631360f17,411,1,-0.1767933069608002
f3526018f3444a5c9136bc2c07260edf,411,1,-0.1790240704156728
30edc95c0d9c401a9b2b62cd107b16d6,411,1,-0.1677658345675841
976b24dc2056410cb01b18e5f944c643,411,1,-0.17136515496006688
8a6b01b49ce54a92aad8b25f50d013d7,411,1,-0.17647805959429852
bb71447b058048c5ae9ef8bdbf5f832d,411,1,-0.16986156775144756
93b3edd6326e47e69ae4063065dafaac,411,1,-0.18119749319899758
84afe6717c8f437a91ff7c4708f7119f,460,0,0.027889786061542465
a55a529076b54b35b2e4f99cddd9897a,675,0,0.12150948863815508
106fe45f5fd1412d9a1e8449097aaa76,587,0,0.1180972435937564
7c8e1e7c639d4dd8a440f87861cc717b,716,0,0.09561224950940578
51703173fc814abe9798d59c1519b653,233,0,0.18014505223792332
1435be2a0762443daa6a6c603c1918eb,666,0,0.18750523236893024
68ed42692e3b49dcb6fcbd4d0ce6d769,681,0,0.15367106410697284
540883d25d5347f9940180d63a00d3b5,531,0,0.1604607780583679
7acf0b3300604609978a5e05edfd34ef,161,0,0.15171512796435588
5f042b7fba9d47309f181fdc11612b57,509,0,0.17902830094261657
bfe16fd9b79f4c8797d24708146a8c65,328,0,0.18159177618749844
064b5cccc44d47f09e9d3803aa9cab8a,330,0,0.14079166203508325
db0bda961be84fd4a3f6de27bba15d7f,411,1,-0.14681460773537425
4d3e2d87289d4f228dfc21e864a0432a,127,0,0.17282514410706296
554f89ac0658403e80a478794e57b9c6,683,0,0.10814894010880094
2a674b64b792472d9569be01ea6e5c1b,408,0,0.18215597326490857
1caade09697840ef9679b841df04c8e0,29,0,0.1657749828917643
75631a0733f04847939f91a48b788ebd,360,0,0.17873406657282392
57892abedb5f47c9baf55a7b4876b607,176,0,0.18389283005369017
3a5ca55aedbc443cb8724f39a1958234,330,0,0.07518795835725922
eb290af15de946b7907daae250ade2b5,561,0,0.06316053100416463
5628ec88fbe84b0fb4e0d626117a22ea,372,0,0.16365145441687484
abd0085dce50404b80080b4146e0cf71,175,0,0.1542352668007198
d1a449241d42431cb69bb3b0a4743177,338,0,0.17749160755145582
5cadddd1adda41e0b34a746774749e5a,65,0,0.1642792593280476
9d776b3b873744bba976f3e58a0e0e35,615,0,0.16764753587286807
3fd5f99dd3e846e8adcd9aae38f33044,353,0,0.17341319180465403
74b7a278362d45228fb9ead3f539b009,190,0,0.17675158734357294
8e2575245f73431d9e389f98621cb189,675,0,0.0630627764331434
da800910aaab4c48abeb69c5e81de830,233,0,0.10428491434686449
1c121fc2767945c499f78383dbf014fd,549,0,0.14316641554193965
8b7d440150ff4484a9b8331c65a7b8c1,111,0,0.15214732897739014
e0c9535376d048e5b3dbd1cfeb8b0586,251,0,0.05824807067820875
8b48d912f5b9491bae337c7c5592da29,17,0,0.17933856003553267
4981384c8fdd49a2a75d18d3edef9690,229,0,0.1761556973484959
a0d68d15bddf4141b478fd2da631e0a9,368,0,0.18492012354157905
4bcebe0c45a84ef3bb9847b1219b8341,681,0,0.17615753932396155
095d0d7f08234c599c72516b0bd751e5,782,0,0.18196466958879753
b069024d52a94c6ea30f2c2f1fd062b5,463,0,0.07966097354000928
fb1d8bc734c34f109fdb3f65f4de76a8,24,0,0.10096948399180972
b608555a6e7645fd97227422a1cd3213,763,0,0.1879398713349154
b90defa3cd21435d8dd56535ac4e5ec3,8,0,0.18256902261580799
d12febe2e54c4f349fc2a63ef122e809,773,0,0.17227061517501624
1160b1cbb5c04fb1a8479a24fae585aa,785,0,0.14785510955615805
c03c4b41a74e422799cf43e557668ad4,93,0,0.0463820465668231
7b2776daf3e449ed8fc949c2b88c8293,328,0,0.18040435267947935
c1a035febd2d4b2ca3308b1ded97c7e7,233,0,0.1294308027301957
f815ab2406634dffb733a370e7d9eb31,762,1,-0.02816654430597021
acc6ae5a6b214a1498fc38d1c514921f,25,0,0.17862377399442625
d1bb3a4b9ef3402788e8c7c5b59f8899,176,0,0.17731767418183358
529f21b8d0264785b2a45bd9b94ca9c8,483,0,0.052455072497955946
8497ca12d1ba482fbe3368ef96c5e142,310,0,0.17546163189525282
0ad0afc372c64bfb91e8738942f4ee86,621,0,0.17910303966086216
f2918bac8cd146e4b380d9f23d052c7f,531,0,0.15772786543492512
1ec747a56122449b9ab682cc04556fdd,315,0,0.17311815717301382
56ee0ef213f04212833e200a982be161,742,0,0.18921135149460822
1ca6a6b3294d416490548b245826a720,647,0,0.10250748116322989
14eb8d7964964e67aef468ba1ebf5632,279,0,0.07576688625725997
c448d004df7142ae8989cc06c6a4eadd,29,0,0.16941418104568173
06feeed5a0ed439cb17c3f8bb8ca55ec,488,0,0.027759380913415788
483c9380630d42259e209c0d5ae9182e,65,0,0.14568395172519288
b1eed846bf8048e7bb635a4410ce00fb,42,0,0.18088534295730263
facc193e3d854550b4eab12086842b51,777,0,0.17960990503638014
7f7b7c62348c48da9648c14885f0c26b,292,0,0.1764417652976022
173a3e70e8824a2e822ff0c9e2dd9455,79,1,-0.013273217148124683
d0fd17ec58c84924b418269151511b0f,411,1,-0.027260453044645194
049dc50ef89a479a8d97377eeb102264,688,0,0.16477678577653954
13d6307aab444334b54df3925071dd96,368,0,0.17364136948724962
18f64bcadbb84d868e16e9dfd4e0e241,771,0,0.17183715052920834
b1ef96ea7bb943408e56fb2896798cbe,587,0,0.17696172926014714
b965718a27994c51bc394c6bf4adf1ea,42,0,0.1355110707922449
61694f0b546c41489882dd93395f4192,677,0,0.15832384429869045
7650237fb2324fa5a25423e8f742ccf7,311,0,0.16095939081020672
bfd47d55f18d4cf68a17a3ac09c2651b,330,0,0.1686255675503855
7a40e1dfe98c488c8fdf2628282492ed,799,0,0.16694346411789074
d5f5f1a8e3dd40fb96772a637cb07203,741,0,0.06633566706454053
1a8a44d2e3e14216b8f2e58acdb17814,339,0,0.1796846447652724
a58118259e8c4c029794ab92a9924058,721,0,0.16008190529634836
63231643a5d847358cd99ab7580224e1,704,0,0.14252901330378198
aab0ea1de0d644a6a77f259ac414639f,741,0,0.14237820918195387
f9e8e34062fb43b2af99b07a185c13ad,501,0,0.12076302384083454
52881465aed24775ba3bb5b068f1d2a4,283,0,0.16290851418661573
25a46fab1e1b40198972ef2ed7142055,562,1,-0.017744068374224153
cd859fbaf37a4873a14d668d6e9573db,687,0,0.17462060883700709
493dba613e564dd38d2d107004c0f7e8,741,0,0.12168257291220985
1c11c673b7d84fdc88b477d99b7128e1,234,0,0.11275724168636819
544328ab15ed42a19e44f2f362d02e1c,599,0,0.16618970070350242
d6cf6eb3262d4a18bc02703b7ea0c73a,704,0,0.09811175811719697
7c63266283a244f3a49dc85f2e48c328,190,0,0.1744190299297011
1277f45bacc543a28f4c4eb2ef63b5eb,127,0,0.17866833184673647
f14ac9cd0ea247f2a331756b33e3dca1,175,0,0.1481189450453827
2d9b4c85d10041c0ab26ce5b646be51c,376,0,0.1503307387171673
c507dfac43bd465ba6b8dd4e8cafcef5,767,0,0.147118500590045
c395f58d16d4407b882039cf35cdfd13,150,0,0.09957858676961934
f5653814486446108e93987ee006e533,291,0,0.1419253363689802
8d8c52b6836e4888bbff5a1c1b1e8d9a,45,0,0.1800662240286955
6caade44f7a64c20bb6807008a51dc3a,561,0,0.11581454829017268
fe3e7a7f927e433bb10ac69f7e88be2b,424,0,0.18040952515789682
d83bdb536ab8400f84d7a27a3c1a1fb3,315,0,0.1675365366578111
4891d988740a45c3bb34de97a8add686,602,0,0.16415946063886083
5e34b225b58c4f37b1b7097fbac0b74e,625,0,0.17403600933727753
b894fdd54ce44921a732e8a2839ae049,41,0,0.188921183715902
c67971152b26489fb08492e0bbed2607,229,0,0.18278315636500614
b902526e9ce04ca993a958bd5f9747c4,152,0,0.17398507953128667
a21511d844794c7389cc1104a5b2527a,75,0,0.17519789997576563
42d23a9956064bd2b8ea887d11fb0e04,353,0,0.17866785867074952
c794513e0079443fa803f0d4524e1fdb,724,0,0.1428424058074596
ebf5a98ad98245ea9e987e6ac13469df,716,0,0.16947517606516044
2f81ffa0b5824323a8df5fe031364e80,629,0,0.16214958272309826
fc0087a6ade0487e8a9d93d62f627a09,460,0,0.1159238111203924
1aa93a8b2ac145c8a32ff9795b2d6aba,785,0,0.17074995615069133
afaabac03826463e8105b30206d51f42,767,0,0.06175092850850317
790d4cd22bd942a48d1410a88fb2c079,762,0,0.03611715251110292
e9dc561fd2304670b3c3f6a500099b86,463,0,0.0636079935065062
9aba2473679448eabdac476bc87b64ab,291,0,0.16725246454745857
c842564c053e42f680b14c1b0efab349,17,0,0.16807388645515708
d9fc1848e2f54c1b9d12b050563aa359,279,0,0.18315761167841932
cc039ce809d044aba97924b68a9be644,650,0,0.15759061056131235
c2fc9690055b4a8d972e8bb626f5acaf,681,0,0.18338748493632184
bec90eb8a05545538df3e694e83f2ce0,296,0,0.11712696452651628
6f4ac6b4c94c4db389c0a7b9903489ad,460,0,0.04976287743951091
d90ed73f58ab490cb98f317bc493951e,152,0,0.18013114895951016
89ae84e4d6db42f39be547ae6b87fbe8,200,0,0.15886855738751915
2582d5bc1e484c068df970480a0df42c,233,0,0.11275152155220303
b2c097666ef844c19482d838f8e148f4,602,0,0.1663377046527138
da88bf5abe6c41a186ccccff670a60d2,161,0,0.13483819939350916
b6c71e8bb42e468a90887757cd13cc25,234,0,0.012613489966420532
26582925a0804a26bd4e7df3e989ad98,568,0,0.12373511988483915
6edb920e2a40445389f2bf8d5672fef7,463,0,0.11206710949752363
49d555ef04c94a1c8db922db58aff75d,176,0,0.18205956440958615
831f7557296d41cfa50c7291dda5676f,621,0,0.1547310002371331
1b94f59ecb8a4efdb2faf8d8cff228c8,488,0,0.04157256301872042
33558e4f8ab94874919d301bedef050e,478,1,-0.012161136550700946
69d7f267eab6461eb3f1ac57cdaee920,251,0,0.05364275929896295
7cbbd3fe0268496ab7eb29e9e7335c72,241,0,0.10229223054354425
85a45d0eb2f54c29a6ed377b9ed73ad1,50,0,0.1766851144399993
d93c0b33314e456382357ba8f6f8695a,111,0,0.1723946738403474
1afe787c930f423f827de394a5367933,742,0,0.15621986735670546
a7fec96d63c2478693f5a84bedc6acf7,93,0,0.1604105705931847
89aa32d6a311476c9d7b59aa1fa09d09,27,0,0.18448754170485937
7b46035d42a143e7a6e2e79cb73fad1c,13,0,0.16957447973989537
5473ce13337c4887b1155f712de04bb9,509,0,0.1688227275790432
cae9f0e3841544828696641fdc75e421,318,0,0.1767516098622161
bc55f8b8d9e34bc3b12c28f587ce1a1c,488,0,0.09727710382868798
ee54f16c83284339a4563c01d3fa964f,174,0,0.157222180312596
a49cf76db295475596a48abf4301c078,763,0,0.08019564857080691
16000e24ca114c6bae661b2a1b1f7fc2,41,0,0.17671062749987215
dafdf564b6c247a5927ea3da15092abb,488,0,0.07652170016218801
2ed3ad1c438c4b54887e63e1f631734d,127,0,0.16547604349640582
7c66d6b4ea0e4d0aa0d66dfa50e48753,724,0,0.03204442484450243
79ee759ffdd947afa71c3482fb28625c,723,0,0.08086212828410072
79e9f19672154dbb872b90c6586f2d4f,799,0,0.12620180794016483
b59eedf5b3434c38ba89f08da2596fd2,799,0,0.1464441343440503
04477973633948e8bafcf5c6d2e4ead7,637,0,0.16999256126188184
bb6ed47920a7437b8afeaf1562e9497a,461,0,0.05883092541828716
f60aa080dbfe4c11b034a6a22ff5faf9,562,0,0.18295605141953192
4116e19ca5204f9db84f9e300c3a74e8,688,0,0.1409999519464562
4afd0759965c4f93b73adda368de6ce4,30,0,0.18726236712211158
f6124a6ba7134cb2a26ca5ec0e6c621c,17,0,0.1834040533410769
dddc485f348a44d4aa902fe41eaabdab,742,0,0.0868503195950927
0ac197c206b44842b3a8dd704c74a9c3,478,1,-0.008348236156418998
ad0a030179884e6f9c137eaf6ec0a7fd,353,0,0.11326392583970807
b24f86b564184c068084cb9301d4e01d,683,0,0.17963694903182897
f7d2b8aa866a424d95c59b2b25e86bdf,503,0,0.18804217536397594
7658e3988a8148b1a8df46da195d9f0e,448,0,0.1678989102844265
2fb22b3bfba34185808514fc39761f4a,782,0,0.17713841217823906
316bc1d941694a53aeaecc636460c9a1,175,0,0.14297120603669433
b67170bcfdbc46b38e3483719d4eed7c,666,0,0.15135788563832764
837c8e5c8e1349fbafeabe06dddc9ee7,36,0,0.16918462160797015
ed2bbdc0da564b3885f274a9e24051a3,243,0,0.16956240996893035
ae1258cdac4142079f11b5ab53bec58f,572,0,0.17689828069142094
16b809ef88ce4220b9ca9d3c95c052db,691,0,0.06490404729900762
7ce1bb4e3f4049a0a386e899b5c1a121,403,0,0.08054058911807987
7a5887a268c04acc9726c6c85293ec07,89,0,0.10456897849408647
e742469c561a4970825613beb6f295d5,785,0,0.16378573888342451
3ce164dfd07843eb8bc60f78933d4158,338,0,0.17452332001304555
07066f131fa941a28448cdb95079d4b0,372,0,0.12841016164472596
2d95f49fd7b74cf493188fa98197dd3b,435,0,0.0940713758040233
227f5e3fbf2a47ca8f5da1a3af465e42,8,0,0.17941103354071675
dd9e82777a7249c8a5dbda0131059c92,501,0,0.11848042578473134
698eb8f0410d4f848335a76d3521744e,785,0,0.1390813735987511
cec177584d454120b7bb5f3cfb159828,246,0,0.1715474097125902
57f6184072734a3dbb2586e5b9e34099,29,0,0.1717680344916701
67d4f37127b84c19ae244e485996f2e9,629,0,0.1666680407634462
a151839763b64ba48fad2ad5606f2ea1,437,0,0.1651602546316001
2c222c1fdc2a4528ab6bf3372b425b06,310,0,0.1782572686708484
697a08beb49544a0a81a4e85fb06fc10,724,0,0.07006535411129167
3819e776cbc5431483c9915c4d995aa0,28,0,0.1617529650477319
5ef4a5273dd842909de6186c8c263772,621,0,0.15555305054417717
7cfa23764c2b4605aeafda0d43054678,17,0,0.17646476390806526
c3d270d8cdc9495eb64ec7fe41e9f72b,203,0,0.013599229649516542
9e1a1b0c03144c888afd053549ba9313,703,0,0.18662509311184794
8acf7a10efcf403e8e1e501d1406ca5a,676,0,0.18443002952611043
a454a8ec970e4f798d5e4af66407605c,681,0,0.18643282043714587
dbf216a7fc7e462cb2d305f6c3e9a3b8,782,0,0.17206835727214953
bc86adf046514bae8051abfaf1d673b3,127,0,0.00567359319020333
f70d4d42b59f41fb8e817ba6dec4eb01,315,0,0.16016661408779598
2da97e4f01b544f9a95a4d207d143eb1,754,0,0.17202239795972518
79f98591ce2447bc905a5c796feb6d31,463,0,0.18211520902816491
0b75fdfee6d8449da06fc72f60e1d5a7,357,0,0.06972345067039093
be3689b75662433195bf8afdc19f2514,203,0,0.14297639229345344
82b066dd703b4161b9b41365f5aa84eb,403,0,0.0803881414802764
e45649ab1af54850804c52aadd10c8e7,318,0,0.16586450180643836
a8d50b4b1ae94354aa914928707aa37f,478,0,0.04357775258605456
c1aa2a39ed244807a635caae773b5f71,724,0,0.1455307254996132
87229071a3fc41f6b0798aa47486de82,424,0,0.16331890874891786
190103589a6a421fb4a967097e6d9635,50,0,0.1786822539626381
eba1c344ed3740a0860b77f316e75f68,330,0,0.17820287170384713
b326e745eed14f93a95ad51e7ac49403,676,0,0.15227286926351313
9dca54a4e42048db87a52e1f664cab35,150,0,0.1628869191700157
b680f52d65d4489095beb68a71aafc35,380,1,-0.14560759717552585
3f303f9f4f874c33923a7760be0f94a2,380,0,0.056108436970067455
c81eb53f30364d8689d2163dd9dcc871,380,0,0.002612277889119885
6f46da7cd5fe406eaa98749aadc1305d,380,1,-0.021644567670864534
93c01a35263d4abebbc5b0abf45d0bbc,380,1,-0.062030598632224154
54d741de5d3e477ba35c6bbb96d8766f,380,1,-0.07936356584456206
1b2c86b426254a3a9c0d27b5c2be6ccc,380,1,-0.07884633242146244
05276dc8844a413c85a54014d5c04862,380,1,-0.11285892916688622
77a25631f0c64c15a96391870bcef2bf,380,1,-0.13060193736175663
2460b1df326d45a2aa62901b18a2d895,380,1,-0.14589456389054012
4bcc55e7433b43fe96d83e902f9d5a89,380,1,-0.15529277143625597
94a29cc4b28c4c2c8abbac378b30a02e,380,1,-0.14466157811685498
48ba4dd0b7424ffc80fc8f79c34816c7,380,1,-0.1571286943645318
57a0aad642c94186a62bb7cc70341e32,380,1,-0.15445857776691096
652905f04fe64250a2e45e74847cfaf9,380,1,-0.1675044623546058
dc07dc449ace486e93fae79674facb01,380,1,-0.16733818362234854
9b8aceb20f8f4f6e9c2861f1ff2746c2,380,1,-0.16186247280012522
fdba1e9e718f42fd81d296612ced07f6,587,0,0.18009819762729984
5d57fa8f23184b5ab0f0c9b4ff5bc6a9,380,1,-0.1628267484902549
d5b7feb1943343d29765a6c86ecff6ac,380,1,-0.1736339838642963
be8618e290bb4c139e020ec2ed1e2a8d,380,1,-0.16082327173240407
ed6ce17e3cc5407b94372cc40b5b0f8a,380,1,-0.1698738985063205
413b2ea1c8ff45589c6d4d77cffd5bd5,380,1,-0.16368498450966185
229e0e2751614882bc91f079233f76e2,380,1,-0.1765214095630534
afad1cb6cc704f4a8f7b057811ce8e97,380,1,-0.17098062579625184
8d7a74b845564cd19c6b32ef607b21ce,380,1,-0.1787137438108135
3dccad153799436bacddd15462cb7c19,380,1,-0.18585409553009147
aee154c8b0d743958268b44158ff1ea2,264,0,0.17135396386288748
30a04a39473d49cd97ccb7dddeedd032,411,1,-0.009121941207357431
2d571182ba04474a937a88c23d3d4de5,432,0,0.1813456160078034
fbdabd21a70c46e4b525a9c1bf4215e2,432,0,0.14265396789811285
8354a1ddcd914914b0cc9fe18524c821,372,0,0.15160742568529884
48660d2d62be476588f0c1075b5085cf,461,0,0.07991484201225868
33fe7d74626f413b8c2ea2b5c294c33c,234,0,0.13195153589547676
cfb0dad787514ba098a8c49568861a1e,572,0,0.1733412100196564
d16727b6aebd42819cdeb5a1cda329e1,366,0,0.1473056078248513
4355c35eb33e4bc0bd0ce8dbe6dd047e,292,0,0.17543066988913886
b42aaad71b2e4977a9688a6b02f5d981,503,0,0.17954825125229185
3454aca3109d43f2b2b78b75254f3245,568,0,0.1494037598726476
554d19851791459b88dd52868f867c5c,716,0,0.17333507783925212
0ba55fa557ae4fd2b6d257acf7639518,773,0,0.14061013215972085
2351af00d7c34c6f8308e4d0cb981e04,435,0,0.1761439514241287
3a59a94b116e42d2a266382a3f6874b3,782,0,0.1750143410201116
1503237f53b34bafa7bcb73dbc8fc172,592,0,0.1719887417386758
4dd1ff199ece4a5e82a17f27edd4cba5,460,0,0.13037907707886115
04ce9239e696440da48ec509ffc517c4,562,0,0.16229008167191078
aada11751f0642c5a5cd1f9c3597f8ec,50,0,0.16286015663099507
5aabb14744b240b28313ff79edbf6691,494,0,0.12889244310466103
71c47caef1004e1ca5cb70b9fbdb2797,376,0,0.13707691712857134
77bede8ce98d4dddaef2052b30a0e17a,470,0,0.17791195896656187
2eb76ae463774cdfbbc1146bd4263d13,568,0,0.14090275151165454
95443fbc234f4c0580d4c171937d2130,676,0,0.17520388943623233
d41b791561fb4a3ba063d9672027f751,379,0,0.17702521291724133
6d07ac15338f4d519bbc42286719ce65,79,0,0.17621008836514535
f9b86326d8f6496db475f92dd6d62bd9,460,0,0.06972333164813516
17b074596c014e86a973f428c192f173,625,0,0.14513018814250234
89efd57e23f048a2a56e04d98c89b354,440,0,0.0683492808762039
5a5ce9e254c74b4ca3e445968227c261,264,0,0.18658717008011988
b5de2e6e492349439fff3194cefca85d,479,0,0.0396410613630222
36385a5aabf24ba9b26b877698d56935,448,0,0.17697895141830966
02026b8511c24388abf696e120860349,233,0,0.18443180723976077
2751b97088dc48b898aea49493c6f70c,283,0,0.01882117198283817
0dc9c6ca82b74f6dbd6b070b7342eb20,716,0,0.11721269492398395
4edd5a74820841d0a7fb6802e55f021f,609,0,0.1568676937806776
6a48d48e5cbe42f3b72362e31ea6067e,396,0,0.1748656554771133
1624555881b34667ad87acdcfe4dfd5c,295,0,0.047933585364875964
b3657ba0756f48b99f783ddfc027218f,190,0,0.1782562711052864
5f5cee9027f44d75bef7fc1dcb63c62a,687,0,0.17042991743845964
cbf5a2724fed4e479b4c48bbb3b7e60a,380,1,-0.018628381196107435
0a7292eed57a487fb839f19a6369961d,767,0,0.10721601273467851
5257465ef6f5404bb8d1a6dac998d40e,678,0,0.17226927344032472
62a89eb0da474e5ca115c03c1616389d,767,0,0.12439303139236596
9e0658ff70f94403b86b303034164a4f,368,0,0.016827750933519958
37fb64075d794bd69d32d96ca6605753,777,0,0.18645762286934142
7abf6368b237404384338fdb0f018945,239,0,0.1274271326412389
64e2156254fb4022bf9070fd417ecd84,310,0,0.18465915285969675
dbbe9ebfc99945469a457d6b5b33c28e,703,0,0.18388842505010305
a28207183c014622b61d8b15c9b5098f,741,0,0.10919274256613287
bb90238a82dd494bbad61b7cb70152bf,8,0,0.18146925690235183
d7da21418afe4fae9ba7e09209ffeb2f,292,0,0.1566872977644066
9e5d47bbadcb4b7689ec056ed7aa6cf7,597,0,0.1579078712293268
0dae2bda9b15490e9eb29591ea045bf0,49,0,0.15742888754011453
c9fe76651ea743a099b72b075ab9eb70,463,0,0.11436589847322687
ed01a171ea834c17ad937874c1d4119e,400,0,0.1770443021687665
47332e1937c14a49b1906d58bedbfb5e,716,0,0.18386421047046164
f8b04e0760394b9393dd98911bf943f7,89,0,0.18087878127166018
f80d193e95c8435d9fe6cb5d6d9c6967,50,0,0.15909732443669766
2338c7f10eb642c9957d859ca55923bd,127,0,0.18479018555643728
f5cedd2bb2f44e5d9eac5b15899437b2,187,0,0.1808344367507101
22c0d740221c496ea214e920fd8e698c,724,0,0.1737831937382356
5b56a5cefa4c4d0c8053b69d8932b0d7,50,0,0.15999177844447915
bdfdc9878a894e568a43ec79cf3d240e,241,0,0.18284484014767666
5cbc92d5f06b405b887017d0ab27489d,675,0,0.17468788951541603
3725179c9a60485283d50bc5d4536f0d,283,0,0.13737056007738724
724bbd6d0665481d82bdaaefd7c9897b,488,0,0.03849650268029653
2eac98b665b043ec874f8de3e95c69a9,742,0,0.1858290159340975
d82a1a9136cc43a794ce7c3d90fb9e0e,127,0,0.13950049472900228
2986a40683bd489fb907a0b0727e1740,24,0,0.17214574689502904
b0405c0f0de6403091b520a735907fdb,681,0,0.18360586309381277
855b91e680914d9e930e6540f24d219a,338,0,0.18035798369328143
b1821e1255b1488da2a6870beb51d709,379,0,0.18094065164562573
70ece3f525484ae38343e229b3a62642,296,0,0.15890093486300327
8c5b8ea37fe8479a932301bcdaf6d720,343,0,0.0037556287202924477
a305fc07c0004337b9c1fccc4ad128e8,305,0,0.18169780507945077
b0fef4dd5a58430f9e91d370aa12072e,291,0,0.03185925950485752
78a54089e2d34f07bd0464ecc318dd2c,777,0,0.17225941068993916
1d634b8c69e44b9f8f15e49ce3f000c6,223,0,0.16251116999899173
c83e09b4eff04344adbf8ee935beb99b,8,0,0.11980082438725514
7961a0cf034d4553827f4acfed96ec92,599,0,0.1537032600791554
d8711b2b713a45929dacf6fa624f0ce4,309,0,0.09732269998156678
36185389c5f94be5b4aad4baf5d0d5fc,338,0,0.13389320025173435
f3874a6823f34f5bb8833e57fb4e10c5,440,0,0.12266442597695465
f264827f0e444d28a891c720ce7e2028,28,0,0.17734516514950216
9c6280d911ea4f7ab67b409bafe3356f,292,0,0.08819408901740577
fd700b7214084c42816229ffbdd73697,309,0,0.14247499284598486
d595f1a3aa4e4fdfa3590add0032256b,549,0,0.15692132838112938
16d330ab646349d19123f0f5a82f9eb8,572,0,0.18568546282760595
0ecd4da5a5234b288413a54f577f98e3,776,0,0.17353868139352607
d12ce3f99b9f4029a97f43ecb23907e7,10,0,0.17698864699833544
defcc19e8be24fd58a5032b4bcb006bb,270,0,0.03558667102321139
8e4c4c1cdf36465ea2182284270daad3,403,0,0.185297611675372
9ea07326839c4034899ee9cb9d396e94,75,0,0.16708322139324266
9eff230f94c94ffaa8fcf3dec455f8db,106,0,0.0840064295214702
fc0fa98dc5e24b76b9c7bd01c58cbbf1,296,0,0.11751475602985484
f951a1322e294b4cb8baa4049486bef6,200,0,0.18428865674780892
7c719706846b42988f86dcda81489aa1,338,0,0.08780563732821511
aad52be1d0b64c079d83440603764652,509,0,0.1772568790807943
0f5ec0bc7b134af18aae44c153b86c25,637,0,0.17803764871764782
52b4c7684e2d4515896f6027b119b60e,27,0,0.03548337801873214
cab941e8e86d4b69b5d8b236e61c1180,65,0,0.1449555544615554
13a65d4d42e64cb9a562f6e8dea56a8b,678,0,0.14762885353318517
f3195bd7ba534945928981a184cc0a1d,411,1,-0.008473720588643596
44dd9f7d3bbc487194b7e6424adc0f7e,509,0,0.16243312454851416
cb4166d41f874d468d3243b9e358e5f8,408,0,0.17630311267447674
708b879ee4384301be93bb821fcae19d,741,0,0.1802326482329386
85cfb23475924454a7b5f9856b181403,625,0,0.13961260550625088
fb9ec6426c7945af8634dbad851a9b00,291,0,0.10375583509021263
1ce91222f4a44ad7b640acc2778efe7b,629,0,0.181184612021072
4ae283a92f5e4af2ad36185cc0d5a2b7,704,0,0.16913573330279713
a47d8a9da6ab4fc08fdb3d1c6f9198f6,175,0,0.11700784797922575
89d1697297ce4f9799b4b8c44290ee46,461,0,0.18841167878716197
e62b4ae3d58a4c07950e7ec7016c690f,754,0,0.08624810369665731
470f4c9802ea4223ab85341d0ab5fe38,782,0,0.15513224422836336
2aa83600eb454d14a614a1f91161a527,773,0,0.1380474701426329
d1c03e6c83eb411494dd7510384a5b93,6,0,0.09108971872650518
5c488507ed1841c0bb5d741f060316a1,419,0,0.04486960752940555
4df5a81c474f4bb4aebe3346e4027cef,408,0,0.1633673326094126
0bb07d0f0ce84d66b7de2ec2dc70d7a3,631,0,0.16617556286757879
8b0d7885d07743b89cc9dfed03ebe83d,609,0,0.10053720890587076
19808de42e0f44b788fc433e091dc95e,295,0,0.16583023991760326
4528063e6b1241528eabb1bac9aec466,175,0,0.03444340225635817
018256b802924f9ab2128fb3f2246559,494,0,0.1613811133487068
d31bc7ee89664af79f2d620bb78386de,13,0,0.17286119125145283
9ef61778ea9448a0955d4e4146b24d79,424,0,0.14703725290654424
c43e5c5e0e044c6ebf6d41c849a010c7,675,0,0.1882366021182475
874ce0be905f480b84182d06a656f181,6,0,0.08401046376742755
e85d5a7119854c639e0ed80009d8d13a,93,0,0.1643025078402109
3a1f3a0e41ba418eaaf762e16ec8d81a,483,0,0.18345081047942807
694777a5168e42e89c2aea865ccac2f2,56,0,0.10421078098817377
c1b0c2a0eaba408a88e5ba26eab0fcee,315,0,0.17066943345352842
8d6a9ab6cd514720bb9815a2fddacb0b,292,0,0.1842822325937747
44dbfa4b0ab5486caf485c9bf45acc4d,229,0,0.17180843498985238
0d3d2ff2af8042f3a0a2157e49240d61,609,0,0.09899279573233499
4b531ff8216b460ba2fa16458ea17826,239,0,0.08052781295151323
adbf4bfed76f4dffacf258f9be3c219e,448,0,0.18073262162937792
fc83f83817df4d3f9b398a9fd57bf02c,768,0,0.16792699874152217
e9a315a2c11b48ec88767427b70f1c0d,435,0,0.09675751804598687
3c6d5b270c6c444ab418a550d497841c,479,0,0.16447928341491086
5d134568945d48b89bab0a2b078017a2,435,0,0.09559363191135223
e0830c9d402d40c0873406da9b8ae1ff,768,0,0.11530838157470652
2c94b5b66efe4b57b50aabe4927a9bd0,10,0,0.16861245826934396
75188b0a96734ed386e70009bfb40ee1,675,0,0.10767937716167697
913dc452f2ba4e5988066384e2fb6dba,721,0,0.14390128752620418
4302a32728044badb84dd29ce8d2562a,650,0,0.05610199499986618
8b840ad2943847b6b8015ac8025fcb9f,549,0,0.15753807974746636
8c3223d2c6db4e9581dd3060748d514b,766,0,0.17371052918777136
b786a84aac1647a3b761925a3806fd44,239,0,0.12733308472696547
392cc267ee334974b664170464b38049,174,0,0.1649960691997101
b642fd1c58594c209edded001f317f56,741,0,0.16121884399321396
4a24919f26b245d0ba9a67419753840c,776,0,0.15246229036715186
d0e2dc6a269445fb838e8bc53d7ff8ba,147,0,0.17467805568172862
fefa13ce69fb45da9ae653e810633413,147,0,0.057038021743621936
432349cb8ff844238e13ef4ded711c46,152,0,0.17889209754147606
509ee518ae404c2f852e1d5c270ec855,10,0,0.1413533755097881
a5e7f0c1b41b468fbadf8e2949de7f13,111,0,0.18491753712047815
0976f631580d4df48faaf2e37ea8178a,483,0,0.10418364862704366
2b83e887e28444379c819c63d6a712da,6,0,0.004242765670024129
125a1a318fab4e2188b1e01026bd784b,631,0,0.11996076593818417
aab016fe940f4b60ad00b940bb043f82,93,0,0.17400433989298697
9782344f70a9464ea6aff908acdc5ded,775,0,0.15482453887206032
f2c67917f287460b8768fdf8a838eb78,503,0,0.17295986577196643
ee7c87e1bf6e41fb8b6dd5d907554322,9,0,0.08148348996255672
493c586ba191413790b7e1c0135c18fc,283,0,0.17652295239110816
839eb5eb63f340fea663bcacc7fabd94,568,0,0.10398108250982624
a1ae4f8194b44c17882185fd3bd03048,587,0,0.17733615622108523
150b61e1e0184a48956aae762c9fe4d8,452,0,0.13508575133437012
c7423e3df377420e8c4b305052b0e6ef,723,0,0.17482784360950332
976592242e5b4c4dafd73162473344fb,562,0,0.15838910177031534
f9c82813795342df8283b85731e268bf,681,0,0.17534384407719583
42ce36c3c1f54ff698f4ff5be1347e85,763,0,0.17387596876023448
53082077cc6044a7baab3703b5787195,25,0,0.05270336538222936
01177b4427084169ac900fe0b4549a02,503,0,0.14217703209150578
be5749db9817443b919b98f3147620ff,675,0,0.17871442469197552
52c8bee68cda4921b4c6df70777bdff6,200,0,0.18259992669728253
98bb102c0fe4483fa4f92663a7f42242,283,0,0.15201266896603605
1c69088b34b14b61b26307726628e2f2,200,0,0.07405585893020994
0c8381b7166c4230b4b8a9a7db10303a,253,0,0.17523162392177255
222c5118a0a149bf80be1cbe4e3c3a6d,625,0,0.11141289331888493
36713ead223e44c7b4621c5756cf1c26,799,0,0.16754528693871062
536311f63bef4377ab2494db8afc7357,776,0,0.04618411532010047
602bd5e633434b6e919077a1675c0717,766,0,0.08253113355270825
6ac368df2cc044e4a4ce34b3b84c658f,416,0,0.11695846529717074
c74a48b53521423daa5d350e3af0bcec,9,0,0.008198065435262913
5d2f7944c46040ccae53774fc0201e3f,264,0,0.12340419132581198
854a9da723fb4493ba644cbaed2b44bd,766,0,0.14470977309502608
9c9cae09c35945feb8f24ca17d0984dc,10,0,0.17753847893077973
e6aeeb7016074a7b8ef8f5604cdbd961,777,0,0.08651061904617624
96cbc834a2e14062851fc8876c9ba1c5,687,0,0.08061819322562763
136c9f2aea144dd0973f391789d334fc,568,0,0.11117328635740098
cbfbae9e6d214360a92244daae9c8014,723,0,0.1780659283992957
4fc263ed8d0f459f8f70d88c29013d43,416,0,0.043551228381778107
cc4ebc8e007b4fb8bd4904921f480578,609,0,0.010734185367152649
4553762fe9974f7da2443c9c8d1108e4,503,1,-0.06261025530485798
d18b887635ac4971937dc10318025b91,106,0,0.09070629111487372
10e63bed80354aff94c7c914760e8b92,777,0,0.14425294613949596
0228f2f6eb2f424cb82b449487a12b32,568,0,0.09214113049972783
764013fc07c24575b1bf80b2c6b594cb,602,0,0.13904954401145475
34350441651b400fa09a457afefbdf3a,372,0,0.023199909232759774
5014d4d6b2a243fdb63694f9a970d5a3,190,0,0.1826696591600494
218bd52d4f564d08b7bec17d4bc8b41a,629,1,-0.044966545499519506
092a78d41a344a79a9f78d6d48484e1b,637,0,0.18592340557129605
e907434a56b94df6abc842d333f329cc,691,0,0.01765965025979388
308455ebbb6043a9b69f4bb6606be51a,174,0,0.09769563538081866
75df09f567fb498c95f288278b31aea3,681,0,0.18703291345450235
5e907d9e5fae4f1096d67543b2f5e050,599,0,0.17299097459105411
9bd85f37992c4dc2bd82ead14e6a5fbd,307,0,0.1740927882392005
4aa1df85df0a47188872f9b992776540,13,0,0.1717709065730043
6da0e714e77f4513bc961047a0359556,305,1,-0.03460350453596439
4f4409766aed46c3a342c744425edce4,150,0,0.16817073013665879
41fcde39a918443f8ba244495492ea40,42,0,0.1870192114257369
7985a288c5ac49cc823dbba36f7ffc31,315,0,0.15978121162212305
a8d06d13ae02463692fc1d85bcf2cc26,572,0,0.18408723846075076
5f61e68ffb36422e83db5e11b29a597b,488,0,0.10398007806438231
6ed93ff05bb34de79bfd9daf88bf34a7,478,0,0.015491830577764376
ffc4d368e8b44faabe91c2868f8fe519,79,0,0.08437908421237666
0b8b2c83352f4381944c8300a7a8b6aa,400,0,0.08107824514910222
71e1478b93104900893d2a8ffa364087,6,0,0.12860942046924884
9983aac0cf0443fdaff3687c46310308,631,0,0.014412212734205787
2619da27561d4c8485d1da07cfcadb3c,150,0,0.1410062587702005
5810f181766f4edab3d17f3863f131e7,150,0,0.1419156351424723
c48629547ae74abdbf22ef279f8d6f72,483,0,0.15479661188233756
066487e471fc4654a7dd328edf1ef5bf,688,0,0.1821951909050863
da02f9c3b309407bafbb8042224d51e9,305,0,0.06880676273810432
065f56448b4345b1b03268e17aac2741,599,0,0.10176303395624192
660986fb0dbe4475b6a3a87cff127273,372,0,0.173008504168139
885c8418350d41a6b9f2a760e0df1cdf,376,1,-0.017164074138252494
6287a02fbb744db3afab9f133f274aec,615,0,0.18296588074013537
ed0cdf5592a945d4abc78e6f3cb19c8d,488,0,0.00854591320269893
3ab7cf8f1e554137851977ac6d897725,461,0,0.17049157217615596
f2f520d674014eaba7a6813882b5ef50,304,0,0.12965473484622003
f8056056c759495f941ee38f734cf72d,741,0,0.1545055104507828
e19be80df1804c0b9e1b9b8d6fdcaa13,291,0,0.1730326307677038
366e531d18444c0a8bd22a05996368a4,17,0,0.17429275813588774
86560eeac848463b84ecc40869e0d723,650,0,0.023309331425613034
721a57672a5b4e44acdaa6c90b430b71,683,0,0.18283926505125497
5bfee2e797ef47da88afa31f414b8b7b,239,0,0.15397604902334688
ecef79735a524a8fa4ce9975c3f591c1,253,0,0.17478734327671436
8a71573620e14e658aaceb97459c9935,597,0,0.18551259062455894
c0b687ad29e44ed481a628e1dd476b37,767,0,0.04172414491480725
100d8d2187334ca8adeecfa8d8a2ef59,408,0,0.17605334819368512
aafa609d0c004e8884f0bad0fbef79f9,479,0,0.13981521564941535
7ce750caeab24181aef6f99b412a4333,231,0,0.18285119084684776
6d8699aca5144932929c2335f754758c,279,0,0.1845545999223604
d08f9958453a446a8050fb77e5785914,763,0,0.18350185621722798
18b320b862af47b09b2ad9ede9234063,75,0,0.1422145309661863
95f6ca5b84814324a132699e8fe53da5,568,0,0.16716262125077352
531e314559604b5b9a3899e0ec1d303f,478,0,0.015715362731976157
14f2dfbaeac74f2faa2642414ac74a55,279,0,0.1428940893846487
4c626ab28626489396d2399cbf57c23a,292,0,0.18796584207863726
3bd9ad56c0314c7d909e955479da15a5,767,0,0.1306957040668344
d2033ab0a16441ae852f8d5a4c52319b,767,0,0.06066404126488106
1509b8c192854c24803d6b97b8d98be9,767,0,0.04566496894873917
86c4faeea82446c2958b4d86a549b348,767,0,0.021523837800725643
81979e6a91224595bf63ac92e8e52d75,767,0,0.014837869897394773
480bf27311614bec99dde7fd8960e452,767,1,-0.030650337673583716
cac1a7fa47174ba387c8a83e9089f3c5,338,0,0.08619834884483318
2fd14053129a4a4ca8f7740d389ebb2b,767,1,-0.044543393268764775
f3842231cbb44c1cb908b7c3bcfc88b3,767,1,-0.06361545288866655
98c6614873144e748f0a101363a42c8c,767,1,-0.06134828133147796
cf5eede7ce4d40ef9d39fc14267aec8d,767,1,-0.08620881112723544
46b0d8bee03b4675b0b2704d6bd9a456,767,1,-0.08123212000804425
65cf26f7240b4188ba81cf21dc47fcd6,767,1,-0.0598991977871165
a9ef66a5e22b4addb732e1a0cf935f4c,767,1,-0.07765256802589926
48a4ff063e7d40758b5d798ede2250c3,767,1,-0.09880040096241305
c1f0475411d545cd86803349b907d928,767,1,-0.09752346845720183
48da675e94e147da8f483c46a1c64542,763,0,0.14119691895511016
9f937102673744449aa75abb3b50f688,307,0,0.18575130980999088
1d7f3c54bc8149b9b05f19ce6da1170a,338,0,0.16087669829342394
84a9faeeabc64bf79527a6befe7abfef,330,0,0.178912441372425
4965232e8d1141ad8ab01c250a21aa9e,6,0,0.14273495060591201
de2f4b9c1e744e77a746a7ee61a1ba63,147,0,0.16535715275998358
59771672e87b4718a9f056f0dd362260,229,0,0.17296539847120934
609d80974da8406e8b50af867c56ee5f,339,0,0.18395402193275767
971feb757c084c8491b2f8142b66eba3,30,0,0.17981268795476474
b9692d2c8349452c93bce2bd749e492b,478,0,0.008113785323708322
281917547eab4255a7d11a5974ce710e,716,0,0.18428751235946822
8ceb5e195af844d9a0bf591f4b9658f8,243,0,0.16896216210620701
04ad5fcb8ce84e0d80d175d6c70818bb,676,0,0.18715720505765893
a5da2cb705444d3e840c6b1f99041d2f,716,0,0.15668711003828595
b1b3fb48aecc4343bfd75acdd372c0e6,503,0,0.16636492457006724
ebd88516c5d24121816d1e536d70785f,461,0,0.0939062060972694
492e2482178140d4ad95db3ba1919cd6,50,0,0.16612618009809715
20034019067f4ffabffdd1d4e5670ef8,25,0,0.1833995384455831
d31cca17203e447f826b641433cb1ca2,424,0,0.16810611050270574
696f9f634bcf4be0919669257ec00d68,303,0,0.0008597091236948184
9776bde9dafd43bbb050cceea1aadd9d,631,0,0.15310999837825862
0605021a58bb41eb8f299aef3486e6cb,45,0,0.1850650579824486
b4abab229e6b49db8ef6bb991850ec3f,625,1,-0.005438798571820058
0e181a856659427f999d0278cd60f366,292,0,0.18617644583765075
5423a96ee6734edf86ece63e1de34076,703,0,0.17758801505937377
5eecdfa27f274138976511beee1e4dd9,754,0,0.18114407183533515
6e080f7bb49341f0a52467aa02db2373,782,0,0.18361637394532904
79d074ce0d31404bacec26e32b191e64,150,0,0.17672864279098427
107950576da84fc4a417116395cfed14,424,0,0.13731949226393664
1448c984657f47cb876c6e6f01e70b5a,669,0,0.1766949641146593
c835d9c2e78f49dfb30ada9b0613f35b,27,0,0.057769764863057904
fe956a3a91184e0e844ff333f7fc4bdf,147,0,0.03249130067288042
dd8a0b57c34e4e598bcb35ed27db4cf9,241,0,0.17766222459745568
bd4b2e2f5c0d444f98fd3e3aa44c30d3,223,0,0.17971202921946117
3b1a00b62dac48038ef54e5f2e82aa58,315,0,0.18135814006537992
d56999a9012c41f1a315a21a0ab18d5c,50,0,0.09472514966612716
c97aecceaa6544dd8cd6242452dc58c5,309,0,0.1797313266847274
13882ec4701a4b55aae10b26c513eece,25,0,0.12091543246339487
44d5786655a54dd9866b4c7f7d458a50,437,0,0.06855100060736019
0d857dfd932f4877afc87e99b01f9846,314,0,0.1475657809537922
f463814608fa447b82048d5d66f0d7c1,562,0,0.1669050308726696
2bdf4f7d100f4cb78610423810caf27b,223,0,0.12678903889475773
62c5a5d29ad34e03af992efb4a7c7799,65,0,0.16597493675643527
a176161455a5442b8a88ea97368753b4,295,0,0.16425394350438594
93737fa17be14efbb7c77d67070cb58b,147,0,0.03193123770699835
6d93ef2eafd64cf0aa66b78963c67c78,773,0,0.15205000481786152
0bd830480a314c5e9afad4ba293017bc,147,1,-0.030725687898920495
5eefb54a061f461a969c6bdb978104df,147,1,-0.03374044405220278
6dc9fad8aea043188f7eb0c24f046249,147,1,-0.0248039670160054
80ad12e8a3d44287b4958f6a561b6cf6,147,1,-0.02378834630356863
4d03c576d93c4d7fac6276bf23246aa4,147,1,-0.03151876040045021
d1f5192aaab34348aae06fbde432de68,234,0,0.11198351517030186
c28d9462b39e44cc8a1bf91b0609dbed,106,0,0.1464325891836678
866fa78b4d7c4940857ac1d5a7d02470,79,0,0.1687219353554314
2b984e3b043e4ecd9eebe83b54fcc912,723,0,0.18213978600867836
291f0ac2d0e74876b6af287b25d061c3,343,0,0.1626422789070731
4fa9a5f7d74a49bfb84cb05be9178b2c,295,0,0.14900627505020775
3a85963e6a3a47b08c647ee38f577f43,411,0,0.02070277190087999
ec849df02b214e9fa194707f5aafaac0,677,0,0.07987509066411502
09cf150999aa4c0d9a08973190c90920,452,0,0.14984472686256606
4d70d5f7d25a41f38294667d441cccbd,347,0,0.17139785359846355
b8b9370abcf54450ade8082299f35ce1,767,1,-0.009557115013664963
f2c691b32744408bbd19df7fdba3ede2,229,0,0.16830791341039536
3e924e1c8c264e2da043bb79556291b3,111,0,0.08285335866009558
6bc3e3359b534f73ba4871ded1ce6580,33,0,0.18137722302562465
e1ea6040ffbf40ac8d68387871dbe299,33,0,0.16252909072726218
32b7160b48184a1d9341b831625c42dd,243,0,0.16148480605384052
53dcd56252cc4b7eb68b63b8ec8603ec,688,0,0.17695931979628643
c96bcd59d41f4055a80094287e35d560,13,0,0.1727361299707515
d5cf4a224b3d4476b0e9874caa86b9a6,538,0,0.08303390277695233
0f8cd7ce4eb84f4c830c5fdfb8af9978,683,0,0.1698294777343824
a7adedaafaba40acbb216e190a42d6da,296,0,0.13987661341905183
dc3cf41a37ff4fb892f06e2b09f03159,41,0,0.18568662747934855
8db812028eec4d818f6a2468e4848419,307,0,0.17638793413046294
56c0046d8e7f4cd2aeafa089d44e7498,676,0,0.03022842751148891
81954eb86c48429385cdc8f51a449923,440,0,0.1841613540596737
941dde7660c94ef0b8b8c20398e3e19f,246,1,-0.011324550967327873
d66bed29d4e644b08d289d42fec56629,650,0,0.14131863475073503
941bc8fb9c584801a2819a6d49ed61e8,408,0,0.01983862064845554
9a75e3f8bb7a40f4a4c9d15bcb742420,470,0,0.13679462032765233
260341ec5dd74e8f889eb863e5ef5b4f,330,0,0.18592123242825903
d504de31ad4143e4b8cdf144e9e3488e,338,0,0.1810912695244007
108b21eb6f624a27abd879798196d9a0,744,0,0.17460591478359322
644aae3ebe5d49a0a4fc3498773686d8,775,0,0.18114807196745092
3cf72c3d7e4e496b80d55f855e4ea3b7,106,0,0.11460611707651208
6baf17cea7bd4621a22c03b5ff6d107e,416,0,0.04978116061049759
d4ffdf401e184ca08e15284be896cf37,691,0,0.16539127161688505
d15ff8da59a0402fbc37af6593edf04d,452,0,0.15022064071862973
05e35d5c3f024412a326035245fc0f7b,251,0,0.0892794314666499
e1556d51f52841589c3dc21d5e204251,599,0,0.09828354099386927
1389274f56664327b7e31d8349333911,291,0,0.12337778442040759
2db4ee564a0f442481dd14cde855374a,41,0,0.060379708867634496
256fdf698db44bc8b3da1250f213f67d,251,0,0.1259054831290098
31bbe7ab406141b186f28ad4a0ee4478,147,0,0.16971122130089789
2522197589ce404a9491e6c7ffddbb38,314,0,0.1710298170799649
0e6e92717fa740eb94d02e0b55cd7896,200,0,0.17644334899103992
cde4be3c94f14567afe4cc60397c0001,716,0,0.18309175702677388
767272785e6247ebae5925b1b198cd06,343,0,0.16149030863778863
8caf7e8743c84f96af2b2ffdfe54c7b7,339,0,0.18899485715923364
aba98ac3ffcf4075b7b897594698c889,49,0,0.16061489549416352
84b6cafa63ff4a068454f885987c20de,65,0,0.1574263966679545
bb67c0e15c7148d9ad5cc29d1c9d138b,360,0,0.15436520868488462
8bcf22c0a86a4066918b41bbc4bd269a,562,0,0.1481641353092663
670b9b083d8e4e3597f1f613148cbd0e,549,0,0.14495431340140835
dcf07b12afff4891ab1c05ea2a366b86,253,0,0.16756237999328338
1c000ae13645421fa21cf95712438570,479,0,0.011394090119307254
1fb0e43b765d4cb0bc2a66483b01eba2,307,0,0.16705539326800128
99fd5f05193f45af9cb34e6bea82d099,478,0,0.023526452578731483
5cc238df1b0b4df59960b3227b0bc3a5,483,0,0.1793148014198097
566c1f54448d409891f33a0b97c50893,408,0,0.05938903794342776
a392690e199645b5aa353011c0d8d93d,17,0,0.1678840536137982
c624d4587e6e4db68b137e553c719372,687,0,0.08378197894505734
42c9333768bb425b8cf328aef1982573,572,0,0.17744751798425695
3a4e916ea7d746b2b0ffb9ce890d588e,75,0,0.13890629587876113
f074cf990757455897c374e30de30261,8,0,0.1770857247891403
d84126778fec4e4dadc47cac93dc72a3,432,0,0.1477132612958708
6e68e0798c0a4fddb3bb25d1111a0ba9,623,0,0.04969038002444631
47c6d744d237447c8a5572f674ea28e9,360,0,0.08866619260244701
7e707c281ffa4f7fa53569ed2db24efd,538,0,0.12861774751343485
fe98100265b84638bf9c0302107209a7,17,0,0.11327799738221278
a7ed6388538e41a4bbf67b2b044e6687,65,0,0.1607688200188031
2e7d390fb492497cac223a5315c6f74a,42,0,0.1834478626213208
5ab36a1ed26c48b3be3f97e6520da930,372,0,0.12794743980475165
cae9a1b4b9fd4c9789499002cbc74482,311,0,0.02222586029321627
2113f9b67d444716ad7296265dcd9b16,666,0,0.17945440514898042
f57a9ffeae534c71a2cb5cf881ce7244,307,0,0.15123357888192784
e08ca8003b7b499d92871df794adc777,176,0,0.1127298369280878
c394661e0f4c423099ff534ff0e6e5b2,353,0,0.18408019120379182
aaf6545e36a740eca0e0e57f164c8a27,29,0,0.17952808627579264
1b6e2f3bee3043758de8b60b5d3c7c06,229,0,0.0777455526688105
c5dd0c0e674145148d2db0105a20d7b6,270,0,0.16480586266609892
98994f0f6bc0419dbb030bfca32510d5,187,0,0.16783643644404528
9efc23d1ca88478486d76a7dd693a276,762,0,0.052200868366380104
0394e43f66bb4f7b80d024691c7ef133,315,0,0.18605046472726322
067a7d8db44344f8a96817af5e8425b1,304,0,0.18293118125332947
012316c6eaa54ce4845b39dbde85282c,379,0,0.18247982846488947
cc3aec81c06343b48f2e95bebd072e1a,65,0,0.09319747648331561
acf1f4ec7b704655b67342dad0cdbacd,292,0,0.16926716624625726
85ee6cae1e3146ebadc51d0fb3af8523,724,0,0.1785249531129387
545786bf878c4d66ae697b19eb8565f8,629,0,0.1427486619379874
e776907e90794205a866aec15dda9281,347,0,0.08009332336151465
f9fd8cb87b544495bca65d7863506418,437,0,0.14572873913221362
7bc43231d4564af1ae52e9eccf5f02a4,609,0,0.14667365063856158
b825df07b15b48fab40bb158327a2e0e,562,0,0.17228315393574406
2d54061a4cbd4d4c801513f855038c2f,768,0,0.05596615391125537
f5e7c4ef846b419db422ecbf459948ba,799,0,0.1484966881115139
944e780f0d4641c696be6714918e1a3a,669,0,0.15574195112545297
aabd20e0e83f4975a9e8ec06df9fcb36,6,0,0.14999279048517677
2ae50e37815d47f8a7875320f2278c7a,799,0,0.1202576658398592
a9148ab321d045409262af97431002a0,631,0,0.12041323188769226
5902bef9b1cf4b1fb9bdf8ac20e3e294,190,0,0.15949971153463183
feb0d62ea188476db5d0f172c84b92f2,25,0,0.17580071621493942
3bc4c0561c9341c89cde7824ed8bb9ca,304,1,-0.006741766155828333
9f848be63d594618ba901070dd984fc8,270,0,0.08585487591947116
190d99d9d83448a380c7d28d1602a2ed,538,0,0.14812522848891707
259beca6831143f29714800d0f63c4a3,291,0,0.18588571450840546
31de6ba252864cb892b9a2ae61392ad4,678,0,0.1789717516348509
75afa4d32a14477a884762cd9540d2e2,647,0,0.18264649537481298
d86e97f672d64491840b9c0d459d4485,771,0,0.18688913365223497
388795ff08ff4ac3b7fb20c8f89be85b,688,0,0.16092364430977346
0f418b84352f40c582f8922ddefc282d,264,0,0.09914440881105213
5a123327933c434ebf048b3d84c70be9,239,0,0.16702377968915105
c09f917fb9da4e72bddd5e7e022aa9e6,754,0,0.1825363068070236
3a6cebd116c44099b3d5f4102f1c4fb4,767,1,-0.00687266951977028
404aa2d3169d4abd9f2c287df277b9d7,161,0,0.16303046414433053
12ef76e6993c45b685d1fa0ec379914d,93,0,0.097183413015143
f64696f5b74e4104a5dce2acf87f6dae,432,0,0.18125587422751144
dde86d01713d40938355209361d045a8,291,1,-0.01081177864864491
8bbb658e687341e990389f749ee0ec1d,678,0,0.018894788517954342
de3221e24d5a455fbf6051e52c84d4f9,376,0,0.15815344029185036
a98e316e383243f683bcb28bb80b84df,17,0,0.1883054954466753
6e572846af8b42fab491e32a42089a97,307,0,0.1878766808522473
a67d2c9188d94057a5dadcbbcd023d33,311,0,0.15599059005832816
1ee6e14ca5574755bd383e6bff38a42e,412,0,0.010297555607947206
946484e3629146d0bd0fb4a77bbc30a6,754,0,0.09851840918358656
c344a0caebdb4a3f88ebb913b22ef4fa,315,0,0.177522758483232
a733eea709aa49c8a262053afa11ad2d,766,0,0.18243084799044051
af1c18646d634b86af92d7d7bcde2059,461,0,0.18489331559070782
09caa497dd674fb4b585d5a7becfa64a,416,0,0.06214255885843101
2463cff6ab0a49e9b072f6d018650890,531,0,0.17595461878134394
5d7a6d6f526f414cac17e0fe5faa1358,42,0,0.0819816032863882
3bdb6e42cc0748829631cd01be59266c,460,0,0.06920945293417152
e408dee95e194c9480540b2b3c16e75a,724,0,0.18108969639140748
60e396696e9743e991973022cb58e7e5,310,0,0.18397429131006693
c8773bba6ad14d8b86573e11cf42c7d5,771,0,0.18235407153137118
fa456cd48c1547ceb59fd5e25bb41383,353,0,0.1839436822281677
60aa0c5a9025462ca6c00603590f85cf,347,0,0.1677510767759442
3c4d165563194a5fb7dd3f7d190ac246,307,0,0.125445630919238
2df26377278c4469ab4ff3534875a0bc,408,0,0.16882831130639192
43965312f785492cb04456f0838a19fa,704,0,0.08481827202392805
d870066145154c20ad05458f584916ec,503,0,0.1765802416931172
8c287c6ab2fc4e6ea55d1c84d69e4984,435,0,0.17375646568120162
1a0dae04b66149908abf438f7ebdadc0,75,0,0.15730777309272648
c3b9a2409c384f03bb2e52b7299e298e,9,0,0.15397014164937234
d078ac760ded4069a00ec37f28263f93,681,0,0.15364598474748425
660ecf413a6b42758c26143f9e402215,251,0,0.17686889071635514
86acede05751402b82478ab04f243c93,678,0,0.168111888826816
b4376544ed6e41fc859f59f71d02557a,432,0,0.17277847357398296
c6d6aa0efc4543679d1abde1624df1fa,625,0,0.18153526220461774
09b17493b7d540f0b7c01477f5c7f289,637,0,0.08427434348122564
fb003e9226e044f2a081aa791236705d,631,0,0.0770222884176271
295d803635a14749b0c2b84fdf998c9a,678,0,0.12690376832864358
261fc6834ce343e3963e3039f927789a,49,0,0.12989105697355396
cd5e73e2667241318dbe9bd790c46581,8,0,0.07212219253415963
a7176a0f3c284591ad53dbe4e247e8cb,357,0,0.1817082747096445
b86100f40dd14f81942f551186f68712,704,0,0.10946102340109376
d9ad3eed3cf24e28aa61444c32164177,799,0,0.17603958184269525
110b973cf056459ab38fa7fac67007f1,234,0,0.04669717408012414
c7baf44da62b4067bb0184e082aee5bc,599,0,0.0990199938717713
9f8f562a0cfa40e49045d9196e097140,629,0,0.1653474938039115
57a6026150714f408b5477fa88b56c37,452,0,0.13973394339788314
cd4ead38c3b84370b4cd5284aedb7fbd,372,0,0.04732728189754365
354fc0c040cf4bea876335849941f3c4,270,0,0.1589845294250522
0555ee1dcef74d9da22e215e1986cec3,270,0,0.13444985730163544
fc8d6849ebbd4ace817b346a28c1b2a5,716,0,0.18149927894036955
0c775ca48e3a401a8a3a242244f9636a,494,0,0.12096305562256832
9f1e3e6511a64bafb8b917316f191201,45,0,0.14286536862625782
fe02e5de740446b9a53a7c282b27f07c,305,0,0.15908439694898874
e564e51dead048adbf78ee582a841c65,330,0,0.18048715450326236
5f3daa8a971a43fc9b3ec30d10647caf,305,0,0.13540143150010475
737bad432b984705b2900605db432be9,587,0,0.1547437942806274
63481d237ad9457aab7c9a5d4981d380,400,0,0.18212862878797742
03d66b03e7bb4b82b090ff50479a8abc,175,0,0.09641042384906146
d51aa43e84244029b7371f8131a310ec,305,0,0.16743331608061196
4d23348a71f546daa86923054daf3a5b,376,0,0.17793618684716794
ba3a8e0b073949668b758088b15423cb,592,0,0.17649763292539405
78dcf92b658d454a96eddad1eac0cb08,782,0,0.11122360863389946
ae9fe250ad8c431cb8d0941b3beb3d55,742,0,0.07861029755448229
03b3ef5d53f74c6ab81ec408ca619312,310,0,0.180432002063112
975c248e2fd3495ea78fca4761faa336,460,0,0.03193056759159463
6d7d04385ff347cf8d81e369d282d4cd,776,0,0.04621534197194721
f41490c89e0d402f807b1205bf0b21a5,419,0,0.14852430965373298
2bdde2fb90cc4927b76eeb98f646e765,775,0,0.1760430735914768
c46fff3ebecd4717b4e7e58f4d9d9644,777,0,0.18485238175448304
9609c40dafca433cbf819849701b38b0,56,0,0.1738593967928187
adaf01a709ee437abf2ee54d00a51e1b,33,0,0.1150765966081353
3e905c7100e144219649328bbb1ae852,264,0,0.0753831042947527
c686e372a7e14530b62d2d1d14bc0cd9,771,0,0.18140296925379762
5e97d81b95a2444c951297395b971ded,6,0,0.10551203417678079
2aada0859e7a4f9dae7a86a32bc61254,28,0,0.16993565921984904
a86be41620e54eb5ab174e6f8311d379,424,0,0.17387012937785423
60ab89d8900d4f9cbf05f7e408eca706,531,0,0.17601991127928773
f22c8d8d2c484c3f9eca9d00f0c439ef,8,0,0.09846915185035165
a631251719864dada34f28aa5b7250a1,724,0,0.1462817938819414
688b4fd5554e4a7a94ee81ed251499de,494,1,-0.007401959616116782
b04e78545c764b899049975e4d82aa71,562,0,0.17083598746365214
144fdf09c3d944b09912294743714386,721,0,0.0709358943857526
cd70c3aae33345f28f6a99ac8ff0cdac,380,1,-0.02600637991031851
20bc52dc450043228da5c0aca5917b39,243,0,0.0804134600285844
6407f66502dc4f9289cc4e51a562af4c,650,1,-0.012846577893209643
8874500218f344c7a04a844ed0f47239,111,0,0.15689428624792356
fc737dffa7b94415ab7367d9abfb4b72,754,0,0.1849171108498729
67bb80e71b4c46dbb414a578911ffa66,609,0,0.14298260942866697
2610d1c441eb49cd86d6a5fc2fd83c95,127,0,0.1859104140896185
1be53800a2504e38972682675b79240e,372,0,0.14577749609499058
3147f2191e2d4162a8ab29bf5ae242bc,687,0,0.18153614146111602
5798e5110b6f4062b2ca5bb20b3c956b,36,0,0.1842504319618009
d1430bbab8524c52a1954979a33bfccb,625,0,0.1648331688162898
5186311a9ea74506856fde7c7ef67e6b,251,0,0.15945418069176182
aa786f9f1cbc457494f4754aca35dc5d,42,0,0.18736553351605795
10b1956d9134417cacd107cd0ba11f7a,675,0,0.18479404356994739
92a4b63d729b41928aec181adfe0d78c,609,0,0.03597424482491768
563735a257574ecf8061d0067d6cd173,432,0,0.18152894901307592
31395b66dd9d434c9363d933aff51c00,111,0,0.12887854649807
61fb20be1d7e4ea994e2b590aa34b8a7,400,0,0.13158938187307823
337e743337204490b0a20f780ab673ee,776,0,0.18754549642394452
f60022e7086e491d9da0e1047baf760b,29,0,0.14138218016680348
83b2b8cd110a4d23a99425a6b0858021,396,0,0.17408996482664002
f7bdec4272b5433bbbbccaeeacf9f880,311,0,0.08427544378469559
44647d2b35364e5c86524e49d3c4c268,411,0,0.009689419143807276
98c9b0ba82094a59bff689ac3f2ceea7,488,0,0.002497465604018423
a2e51274acc84e6fadbb2b290d02cf99,538,0,0.10132225670064132
922b8b00a3c64f1bb045411e49693919,231,0,0.18013895839645389
cda8af743b9a494abd2d6e5b602eff79,318,0,0.15091469277717134
78897ab17d774bbeae7e79cfce5a218c,318,0,0.02592784471324905
a604afa4f85c4c0985b6f9f7a13a5f12,318,0,0.12317102382500672
75634ed7680f4535b7261fcfa2a1b8b7,318,0,0.11282502314658444
cdc57c6733914555a1436f1b1b080b56,318,0,0.06828744716540347
ff864d39b9a048da8ed1f562694a7c1e,318,0,0.10505425055000239
83951cb4287b45a5944752c38ed953c4,318,0,0.09210450189884395
1259cd2adc0243fe8e5e4048ef42ab53,318,0,0.09512697725642849
69f2b5b12b4b45ec9b8474a3d68e18e9,318,0,0.06106680515437363
8527368b8d164091a56bd4a59dbed28a,318,0,0.06900057563595163
f93fa54d13194f3db8ba3086b07d9506,318,0,0.0631765102882032
14db05bf71a941a1a18076bdbea8c6e5,318,0,0.02822379985406137
7faa9c89350c48c3a1c404d214e98345,318,0,0.03171770306737087
8ad7a0145ccb49c7ba65ffdd1449a2cd,318,1,-0.05403626757606417
e3433652b481421bb4919cde8e91d46a,318,0,0.015593175973186546
efee5323dbe3456bb974aa2127163d8c,318,0,0.004936951408078927
e123e4faf49343bfb3d566e9b13a02ba,318,0,0.019910709955127004
35cd897f36014e11bf1f6265a0a7fac1,318,0,0.005484953097597667
f12bcb54e9fd4cf484750970afd67ef8,318,1,-0.0045944637444664815
a2ffdd9e41b349659d085969a3ce256d,318,1,-0.010356902988141181
97f7018fc5014158b57db7b7e4fc764d,318,1,-0.013144677210213174
65b4741bb15a4cb9ad6dd05b32226881,318,1,-0.014027922057819997
67bf5779d1e340dd8a9e80c2a9ce7c2b,318,1,-0.03644149312382572
fbea59fb46494997a5752c3c6dc71987,318,1,-0.07379568310605888
cfc34ab1dc9f409a8ef55c9dc86ad4f5,318,1,-0.017444485165564072
9a84064acdc9496291492111fa40547a,318,1,-0.03928101571836129
4c4d63a9710542bea14d9d96b531dceb,318,1,-0.02067276074185309
71d401ef5cf04396829a04d69aeaaac6,318,1,-0.04233041590484987
8bc766701352498abceec11c697ea072,318,1,-0.03975003912364017
161049fa66f540e090c90052066770a7,318,1,-0.0677601116632095
9de85d4491d1487b9229a07c5b5942e2,650,0,0.09878226865890305
b41e3ba83c8f43c89dfed3bd83cb4cf8,231,0,0.13811825428479607
048d81d3ae0a48588d638754d10a9824,6,0,0.15668116886955774
3fcd9f8286cb499c8e56af07a1c5ac92,773,0,0.1656155493066132
a0684e5eaaa6465f95dd0d8e19d5ab12,424,0,0.17275424531151762
17771b671b104da68a760e9758ab7485,782,0,0.18008319829305097
488f1194a0b945ae9f47075a5a7e93f4,460,0,0.11297702061054465
bccc1ac4af484b12ba619b08550013e8,623,0,0.16778862912718917
dd7ab0b9143a49bb97b9480bb25a2722,461,0,0.11460012681176912
0ec9fd20e6a749a8bb2d28afd6151c5d,295,0,0.12295313057469681
aeb12c448e0c4b2fb1b0e897b294edb9,25,0,0.1485079146872102
dcf81ed5622f41e89c258b77e8c1a148,587,0,0.18166543349033892
47dadfaaea9241058cf712c8b41bed7c,75,0,0.159751237449213
5343a2edf03b4cb2a32b4a094791cc0e,681,0,0.15827249460347076
5e72866b1fc24b8294dad35b3b897150,775,0,0.07177563208391236
07891c6690484c47be5e234102c59ee1,106,0,0.10015879979399217
f4647b6683f94abaa19517543fa5a762,310,0,0.17008853774815508
869cc83fd7f040d5b2885c51b1af67b2,623,0,0.13989817716267283
fae957e4ed434a8ab850629bb7d5959a,372,0,0.16470768367685318
cc2ef59a87374a808fd020bb58fb50da,24,0,0.18067208916806754
cc8ce4a4b06f4edc9a860440787be174,599,0,0.16723163367045324
02cd286bd5424929ae8e9438eb854f08,223,0,0.16943864491415955
60150c61aa45496f981a28aefbdc5faf,411,1,-0.03405951247032868
c4a1a6b40e9d4204953e8905b7109e06,190,0,0.16545887902781609
c0b9b14957d44fd0bbe631ec629bb67f,675,0,0.14618909233631916
c2f02ca1ea734b2c8ffad9d311e87c7b,741,0,0.15643957113125223
0c5522ddac3342278f52112b56e77d93,6,0,0.0800253497326106
44877bfa60cb4d5db1259cecffaae927,400,0,0.17022083961339918
430042734821481dac79bbc74427c5a2,435,0,0.16574296606484867
ac452c0c4b9a4285ba210ed8affb1e3f,568,0,0.18328252396297107
8b7511acc0fa40e5806edc085b1df263,483,0,0.15822855924751117
6bc527bedd5b48f09768eeb7b2e7b8df,152,0,0.15197955781860117
fc245d491c7e4e4a96390d1d2bec6916,631,1,-0.03070376451500656
28a856cb46d349b68068e03ab9432db1,310,0,0.1367914611926826
7315b404bb1c455cb7d2db08206db2fa,10,0,0.17565592976774458
0dbe2e29e13e460f9461b4d80c15b527,744,0,0.17178465640646784
b772cbe6c84a44518fb32ee7bbbec81c,28,0,0.11947337672286401
5383036f44be4b7f8d9fa390b613e522,203,0,0.07355778499439963
b9a8ec5898fa43ad8a4644edf1dc566f,623,0,0.10146971463283594
8e27f5dd2eb14d41a39869857c9c855a,776,0,0.1548678606463792
d90626c21f4d4773baad79765e996032,291,0,0.17025243288224395
a69623e2b1214da0a3ce2d79c8991e10,174,0,0.18012370288361423
49920056dd974d858be7f485853d7c04,461,0,0.17380038545158272
e0ce3829348a4e328382c368bff84969,223,1,-0.001886233956966299
00f4be7cfe6041298a552bd51c0fdd41,597,0,0.02914025355733857
dc26dce5368c44109e0306df79b5df5d,687,0,0.1824313042350163
bc0bf82346e54c319fea78c3b949efc9,376,0,0.1504049007191849
201218d137754558bc2026a6ffb99e53,152,0,0.05427730627023453
b576c3dc3bd141958dfb6df8ecdf9dfc,448,0,0.17319343839819312
053e1a0e2c284c7c9bfdcb85b5abe72c,56,0,0.16862708982799052
b2cd12b5890744f29cd0edcf7fb5e242,238,1,-0.0020961556920479074
0ebe7bfeb55a41eab4aaac459ea8797e,292,0,0.1778822707054185
27ecf5809b7d47e0946ba1cbf0b93319,479,0,0.1540897195937917
8cd26e12fec44513882d537afd10358b,27,0,0.15368956526896582
e7847bf5657d4e83bbbc6f9773a28d53,376,0,0.1285331748866705
aae10620bdd64c4db18f9ec125ee1225,688,0,0.16802077613464506
0b96410c79b64430aa6eb138afdb1256,174,0,0.12301670681588273
eeb54715d29240519adabb3de8ba87ab,56,0,0.12831215264664225
ef4d26ca60594ab19d3ca4593eaec13e,766,0,0.17151120138905884
e32fd14f26934734be248f7b55f4f5a7,799,0,0.17414706622422904
d9e3a4c4f74243798cc9000597e9563e,305,0,0.12341608896149597
5b937f3833874b0eb25ad98f60fc47c6,279,0,0.16944829358368252
0ab8ae2b13dd4018a929c6df15c21700,339,0,0.16608064392012473
952f9459ef664d15bce9d01a519848ec,597,0,0.08600751166291254
53475cad90ba4778912ba0abdb8c86e8,147,0,0.12654388190909038
e6e5a4939ab54892925eb2cd9bbb13e0,264,0,0.10069039179650541
7194cc9d5b6344319b0ba2cdf1272502,65,0,0.13862518600636892
ce92a28d5892472eb2ae3a551c5171c2,416,0,0.05008187439773987
2ed578de343048a9b86b24038b02e8c1,666,0,0.1673643736983395
52b489e54cc1494e9eae92c554b52403,360,0,0.17077446022727794
a058248d553646648b382741fe990e5b,190,0,0.16229791906966884
3dba290afe5245cdb6ad0d5c7d745f43,305,0,0.15006927420836053
9e9df3673f4c4e07967650c9d4d0e5ae,678,0,0.017251049066994817
6184a000b21b464d88c99ec131fb5ec9,549,0,0.022351170558715272
62bc28e1f52a4f2c9d901060137f981e,36,0,0.1829480843180068
31289ab6649d494bb2bc3e5fb2da16aa,763,0,0.17930156917428813
6615c7ad03e54e7e990aa76d1ee57221,766,0,0.11633305141944833
2c7e116293df43ec84f5e9f933801c03,6,0,0.1473288169815588
c988fed2a5f74225afa570d8dd009d19,681,0,0.18560549053869135
ddb11475dd1f4c90972e1fd9d0366891,744,0,0.18537176584899545
4785399ea28e474180da46d16207ba7b,460,0,0.11604778350072786
c9327646af894db78283bc6f9330d911,106,0,0.13878582635970232
05f1c709d0f94ef09ccb78f36f7a98d7,292,0,0.025236267668130086
84d0b5501f7f41118c123033f073a0ec,623,0,0.16361179193695768
a5e813ba7fb549cfb88b0a6bd83c76bf,270,0,0.16684369897265194
83c1b9d5d558435d8bb85a4ffe68c132,29,0,0.1097453524960364
b24408fb19864857a8bf5d2e7ce6fce5,93,0,0.17820887507241412
6645c07727f946708fef22e9f36fa6a4,223,0,0.15517758626720618
d03e7644f065437aa5faedc2f52dc9b4,637,0,0.17060328086981486
a6e58c453b254d049912e111c8a19ff5,292,0,0.1539262376384768
94e740fe44a84a2dbef93e7ad833098f,190,0,0.08613265302962442
4169af1e6dbe405b89efffbe9231e090,538,0,0.17235064037368458
4ccb1fddd49041d9b4e96f489c8e90db,307,0,0.07486866979099704
1bf8f20823164485bf18a1f388642385,328,0,0.08906228158670015
0239c4266a2c4e6d95c789932f5cd671,724,0,0.07664831133712813
4d67469311174278a958f03496b98bbc,509,0,0.17066734410176643
f62702f640b14823af3044c5ce60155b,56,0,0.1710093205916844
aa1102d34a114afb9a0fdc84104c8156,29,0,0.13813243226750777
abb36c7948e741509bf8013fb0f9a04c,9,0,0.17348964150430018
b9e0ea00da4b47e0960446e68ea7c2d0,24,0,0.17184182347932808
8347880ab6d74d36948bcdc950b2c22d,246,0,0.18197137221737497
0598016659a44cf5b8bc4f051c6edeba,452,0,0.15196801938047572
eb38e26b60af4bd29ee471ea60f1c3fe,647,0,0.12221356154589286
93fbcb5fc6704b90a0c07cd958a7b5e4,599,0,0.1753961156490611
6f0d36c6bb494db1a4cb9b32d2dedc4b,587,0,0.06426476934894865
a2765d848331468a81889ff7ee07c2e7,127,0,0.10192368898781418
01c302fddcfd4bdc917e4fdcf07852f2,424,0,0.16235719914435248
411a9be3660d43818cbc3f29943f9ff6,599,0,0.16155692433767987
b1578211cc60498faaf6931a3cea155b,419,0,0.09267390443022816
d17154fac0574bbf87f2eddabe88c32b,503,0,0.1854416313622021
0b4fdd461c7e40bc8d48a07c6575547c,479,0,0.1659975436681555
46939abefcac4934a92e2daf7cb1746c,501,0,0.08395663119426983
8a06a925891f44c5ae6ce3c14a5354cd,246,0,0.1425361155379577
b59793da82c140fba4efea7e85305809,176,0,0.17517468604933145
15eadfd181c5435891195b4c8190e428,773,0,0.17750947123886712
790fa2b548464df9bd2f0b34809387f5,629,0,0.17814799916818663
a023117bf5964c219d87bfcb906e0ccb,412,0,0.1731073818546301
3ac4ecaed26e4e44803134a24271ff8d,483,0,0.03739161541285002
b402905113af4333936811665447c288,279,0,0.15569376088504977
129bf3b4eb0442498afca4af733eb994,419,0,0.15215023454317422
bfaf75f0c6fa4be6a7f221b0840ed7e5,314,0,0.1525001298959851
80ba172394d048ac852ee47c3241130a,150,0,0.1790531936543428
37763e8b063f4b37b9b5938119f91011,376,0,0.1822759534586078
aeefa5c21d714156b776a1b11e5962ba,264,0,0.16889530441265155
510b2b136a8b47738a66df41ad538aa5,785,0,0.1645711859451104
c17496ff9e0a4bd4adc8f2702633496b,147,0,0.12139851360957277
68ec3ea838f94c1ea15cd58a3cd20239,330,0,0.18273519535392174
7a3e8961756f4db080c309dee4b0b469,631,0,0.09079982675692155
c4fc437352b146c39568471ca59d51c1,650,0,0.1630114298804426
de13ef66475d40e9a75c4a6f8059129e,688,0,0.09350504759691353
052564e927f54a7a80a026be9fc25bad,572,0,0.16760821352805838
2b25f36532ff4eeca1dfc5228017f98a,629,1,-0.0610632835560696
c7d7c59752b048549aa0d26d6c58840a,376,0,0.10562883142688301
d9f3d499c3834b198ddf3a8ed4402dfa,678,0,0.16217860531138334
0bcc51847f3c4e4fbdffb1fbe58be6f2,291,0,0.18189969774017328
afd27c5162bd4fe199e1dccc30b50c09,561,0,0.09981520217337181
234bd52f9c614219a8ca227244a1e370,773,0,0.1200590424619789
e24458d3a2b64fc99629226c412c2ce1,239,0,0.17681750048228667
2af73cb8f36b45ab90f362a227352c21,675,0,0.18380996860521243
2a708660e039409eb5ea5ae1a794a870,251,0,0.15527555207346305
03f48e1f40f14bbc9c495060ba974323,412,0,0.11542149031375537
5e134f8e4cf34c5bb18c64e45183e7db,161,0,0.15786973810845728
f080412992084ae0b848ded13eefda9b,609,0,0.1595587787578503
b09b8b72f5a44fe9a6c0fb9578f29740,440,0,0.17075624114196564
165b13857b354662a3ef7d984b5cc5a9,531,0,0.1811958820660427
30ad0daa178d4afea0fef982ba83ef81,75,0,0.15683811187588986
824b0c702b104d3c884651ac11e804a7,623,0,0.08339166554114702
509f14bfff6b4991925ddec6166acbe3,597,0,0.1795230974919953
f2e352ee980e434b8d2e8320f75ade2b,396,0,0.1251427472325622
31f4dcccd6034b0cae627b0ca82f043e,531,0,0.1477557795777109
8795d2e7c56846b1a00679a473c89526,669,0,0.1691690716256406
adeef6ef0da34e23a04f720dbe08e7c8,292,0,0.14066163729466263
baf724307f8f4ee2afe007de7cb14ef3,531,0,0.15035096790139563
7d0a0639d5de4488bedc143b35ea06c0,691,0,0.14448521642682194
4e0a8d2d92554d5f80a6f027a3478f9b,45,0,0.17531787201626203
227e424cf4ff458cb048cba263bc2009,89,0,0.18615034997132113
9067126af669445699e1ab156d583d29,150,0,0.17595379490460972
f20a969071504d25a15c60b909ed31e0,762,0,0.02264594147036475
bcfef1cf78f144eda17e4d46bcf65b11,503,0,0.18385412490038866
1589e3b58074447b8a705e157ad39db4,318,0,0.18586894654982744
0aa1c189a7da4c38a48c7d5651e39762,531,0,0.10701778473177342
39609df5ccfc4ae28c734c9fef03f96c,307,0,0.17596488308299324
5828d1be28474cdebd622171de377d72,775,0,0.17814949467626712
0e856f072ea94f628c11d43618d2b25d,568,0,0.17375442695681054
ddf72347f09e49ff83a25ee1c83127e7,29,0,0.17842628094180424
2c790e107835447c8bec99e514f9d390,231,0,0.18210060146005375
3c44337241e1465daa90dadb4b030c70,190,0,0.14283178841795985
f61a80f580864be89adbd5f9a93079c2,744,0,0.15259972022391793
da9da36b48d04bc0ad7b2b7fdb8dbeb2,478,0,0.023317197470172968
e2962b3d97a14e4482f0fa4f41f79e90,314,0,0.14458976864035167
1a295ed7e3124edcab52eecf961e6805,75,1,-0.056135729816866875
251c5433d5774d6cb7f6227acfff447b,419,0,0.1796049098191545
ef98a21203e7465f9c6e5b562fe4d6f1,572,0,0.1596881308996635
6171a9ba7b3d44478a7f9b79471ca2af,501,0,0.13300434472197803
a4f0c78e8f1c4105af8ba961bf551e54,315,0,0.16465917117382212
c6f0b13a30414310b8f4e4d487e10bea,203,0,0.1540787023757158
05e732ba0e264ac481b9753c8b3888d1,776,0,0.17738220239995545
64a45c6925ca4b15b2f58a9e48a6816c,27,0,0.1438553358037582
6b5ee3938f26492181a65fcc6bcd4880,403,0,0.09655085827576493
2ded14e5b60b4a3e8b481f9655e749cc,396,0,0.03267867997446322
32739306f91d4551bd7afc995a356823,200,0,0.08327358092006609
bb1c6318efc749feb4fe715339147ec6,343,0,0.1752967273076595
3e7020f4b7044892b7916b8291ac6e11,704,0,0.17842739373829825
4b0e07aca72d4876ac3c6daa96381916,597,0,0.182149684284451
d224beaeadc545dd83573f3239492aa6,33,0,0.08290370728202429
c8d7fc6c7ad14434ab54469be72da26b,310,0,0.16744232335717713
a3563338c34f4f35a50cc85dc065220a,283,0,0.1839196888402979
7c0e7554633e4ec3a292348d6d4497e5,30,0,0.17966372662386426
b4985f55c5c5492abcafb5c1a09ab008,503,0,0.02173520561482234
023d5b11bfce450f981eb1c4a3439ca5,304,0,0.18376870533716783
a1ffeb82f64844b3b4ac648b98cea5b0,771,0,0.18440033035373354
62716a0d6a274645870ef0c858b31093,437,0,0.11137379735127861
a42059ac8e2d4d658ecac4d0cc9550d1,531,0,0.17735598610785164
38aee82aadb347ff984d79e4b6f0c97b,621,0,0.17506993114034625
6b24bfbd419c4492afa0ed8b0c97b342,200,0,0.13142520994199147
cb3df1e7d42e4c9aa85b8d7651f0f6d7,716,0,0.16977956068787003
8afd74a4358f4fb687ffca375ee78aab,56,0,0.16532417433623187
e731db145e5148d3ba4ab1736a434a50,243,0,0.07749354316650536
d218efdf192e4cf6b9d335f2d8ef23bf,538,0,0.17794880772754984
9be0929bc3784dcdbc04c2a60320e4bc,538,0,0.1567782150869762
84e2fffd697547acba7f4350a4820bc5,42,0,0.11080512468594345
3c75588a2dbe437685d88a6bf15b9a2d,744,0,0.10246261879361218
12e3e48a1d444757840924514aeb3472,42,0,0.11704832531213727
2e4267758f0d4cb5ab32179f883cd448,291,0,0.1851179013487781
dc63a67a345f4d3dad28123b260a6fee,30,0,0.1521871237129086
89b82de1bc6047e3925814c1829db867,637,0,0.17310557739995086
57a9a9abab81461a8fc5aab3b9052485,93,0,0.17833424251725116
c55c6d62ee8d4ac1bc77259e9b98f0a7,592,0,0.1821032765242172
68dfd687b3a5426c9e65dfcbaf329734,531,1,-0.01741633816570587
2f91710b8ad746ae8e23c968197b0101,190,0,0.15011235963436825
ebdbf906e4174f8da6097b26d16cfece,309,0,0.17466075073938675
fed4e011bf94427298f6002e074c6c14,318,0,0.17565997871089273
64ebd1d2d1174bee8dd5170417cb01e2,677,0,0.10888722184721517
e8b7ad9182f649f1953d87ab056e3a5a,766,0,0.08700153263435845
905ddf55fa5143e999dc05fc740eeb8f,89,0,0.1704371522836826
0074a630b4b346edb229b12469eadc7d,609,0,0.14819017733647805
0b4d509e9763471ea4cad17500b4d769,339,0,0.18712807901788203
f2147c6897814804881a4896ea2011eb,592,0,0.10461905114451292
2eee19d1bf954c73b1ab3013dd5696bb,704,0,0.12337599404693672
0f8fd51e1f91422a9a9cfad8ea37351d,338,0,0.17494469900450044
e2f45dd86a524d6d84e4d15aaded3347,303,1,-0.018655604798571757
7e335154bb924e359a63b75b6bff3cbf,767,1,-0.040677064228822446
fd9e7572b8b745b2a6c4ac08eb1a8494,338,0,0.02001373228081027
fe70001791364b0eb2262599b29a19d6,782,0,0.04208167867651946
0a2a4abc1ab947afb2b22a3a00f0873e,238,0,0.17010860504255182
753541fd85d7459e97d6f15a8a954084,150,0,0.06740673232402095
2496e1dcbe094c67a5108c2edf36edf4,637,0,0.11487297774175231
81d2ba1baa0a4b0d9cfa9132d7498772,478,0,0.013188833590235594
37fa49cfdcd34ec89bdf3e9287d8a3be,470,0,0.1816753924781065
8504556e918241e5881f456622ff1f45,478,0,0.003960686330106822
6c779c9304744f65818ae906a757a461,501,0,0.10257699884251475
e7acf81be64d4e0aa1bfd6b911a0651a,152,0,0.1180134673383314
f66d47c684ff4e18aa7a20b00eb4a844,161,0,0.17840508031527103
7d80bce4d9414cecac38d28d47722963,592,0,0.13841689445168376
f7a3f408a6ea4bc09a7be6c9e9fa5220,343,0,0.10255966940092387
1dba956d57d24747aa0492094d303ab1,56,0,0.17414774598160943
9ff3e25257bc44278af0f95d5337194a,742,0,0.17315461953889216
b598b622ed34405eae66d9875d3f9414,75,0,0.14822129029820313
79876f93cdb248cd94ab394be8ffa588,777,0,0.07940609680276622
1f523c6c725f440ab400be03b2055ea3,357,0,0.08826558822370112
46207b977b9943f2802054795083252d,328,0,0.1741176141138811
4f4b667df9b342efa2a0655c597a52c7,452,0,0.15611673477016713
03b141c98a0c4315adc02bc5ec4eccdc,42,0,0.18881282673250693
a78670551ea64070a648f69435959d9d,744,0,0.18716844476918176
c5e7f3ee78c44db8adb95a91fd757935,291,0,0.052659101056469926
c419848524a74949a64e963b06abe515,461,0,0.11060942238423987
718c2d1025e54dfb8c68723c4f62cc23,309,0,0.1804364935521499
ca80832abb4447b9bd9f6a45ea28e4ea,621,0,0.17550091861401934
1c18044bc17244c3babe9c2e0bfb31af,412,0,0.15121592039799125
c0730a032c454ba8aa172c879d630f32,187,0,0.1635710614884463
b002ce3b2a3c46b0bfb0fcca3d7df627,30,0,0.17988837376383027
1e6954e57da148e8bde2ba464ef308c7,379,0,0.17151977282177244
92cd1e09a3e74417afbf8636d0aaed2c,741,0,0.04282815292351383
14c7e1ca445647f688819c2c845f6655,716,0,0.18572783436735973
3a50b4b8558540dab3c4afd7242518bb,376,0,0.16361424498585064
6107cc2c278a4c6e98ecf14d2394c56d,304,0,0.18194178942498235
20069975c7784a6aa149ffe086f9ed5b,721,0,0.02122350859746458
2376b86d28b14c669a06bfb792f03485,625,0,0.1643264226601565
ec3e0e8a56bd4e3084c3a84192f7ac42,411,0,0.08807537083393191
e63ede0b63a8409ca5bad1dd9b8169a8,203,0,0.1668093915866783
14ea63291cb2417ba89de885db8ca163,538,0,0.15917879805856944
3649694dc86541139aa9d356cc33fb28,767,1,-0.07353181402468334
c00dd047a5424b358f411b613c27bd74,246,0,0.030139960977005775
f9840b4a9c0d496f82f4183c99037e2a,89,0,0.1576789292345912
5ae0a38a6e2b4d78a473018296b290ad,647,0,0.18438585341112995
f2774467e96947c9afc8afcbc602dd9d,587,0,0.18288967539696382
5450fa856a9e4d0aac704bfcbc8df0c3,741,0,0.10749950557507648
fd6bf83f6a7b4c8cab7fc47d0e6c80e2,150,0,0.019407304655626345
11f836292430460599db8b9ca3b0a17c,799,0,0.08124757824245843
12b1d195de2841d5a9a856555087c829,65,0,0.03727986691849372
d8374c3b2e7c4a29a08c9e436c13f632,568,0,0.17849812830122985
e56f24bbdebd4e4388f0b9eeca677ce2,592,0,0.18166362840128603
344f12313a1c4cf2a1c5efbe4be53786,400,0,0.15905227030581748
132a2e7260284c3fa2751ad663407947,366,0,0.1307615699896445
b2178d26beeb4c0fb03c8c1f1f7ff49e,190,0,0.187401028163809
2ab8d0ef6cdc4c27a107c312b799fcdc,777,0,0.17902958078897685
33b59807c1484c76a8e3f4267d54fee2,412,0,0.09214285138382433
8d9c38203f6d41028c0b38b120b908a9,292,0,0.16263131778396034
355ab2f9f7bb47c58b5d972d06063582,295,0,0.17201695755427293
ef9a2c6dda0a42ecb03061bce21d17a1,366,0,0.14965673586630157
ac08843528564affae49f5ce1026a9b7,782,0,0.17270864309557488
d67e232334f5421b8a8f4169bb17c2b8,187,0,0.11887944104145587
96b5e20ef4fd41348e6028621d19e52d,599,0,0.1807693114063162
940552e664734a07921531d1624588a5,292,0,0.1377026001592485
402ed8ca9c4242bfad45ca490bc68a1e,479,0,0.17513936794186652
770c499d9a91423aa6dce12e08bc73e6,629,0,0.16049627222500257
dcc0dc79f7ef4223a58b0ad6178e0e10,127,0,0.17177331602519985
bd67a13ce8bc44d4ba47d55aa171285d,270,0,0.04051169232690627
a6af2ec4637d4935b1efd3bd5e807eac,766,0,0.13874218736391297
a44ecfd770aa44c9a20fa4a068aa41e6,42,0,0.15092919748035122
a64d6fcd972f403f9c1b376c8a751fbc,233,0,0.1856154593345506
8774238be29f453e87faba4225003f60,785,0,0.17402508472399875
3273d0aa1a74426f9417c94b50180dd5,621,0,0.1753906823662676
0d721220f72f40d792f661163496fd15,771,0,0.166447117637328
4b40738f488547ecbd484e3af0819f37,716,0,0.17952478057617743
1a059d697bc944e8bcf72eb7330f8660,400,0,0.07750790067044383
924ca4df5173495391bb9c142fe51655,127,0,0.12451666386607085
48b4fdb9bc6c40e7a5cf5bf7cd89f575,231,0,0.10864193864496974
63210459fc834b488acef8016f25e57a,93,0,0.09351619154044455
aa319eaf2fd548ec86ff81f67aa8edf6,264,0,0.04963650210864279
acbb61fd2daf44dc9be4d701fa6196f8,792,0,0.18744472671615492
39a345c86e6c40bd83b18857ac035d61,742,1,-0.049578336482317464
5efa27dbbbb1426591870dc08353259a,330,0,0.17149594717368605
a9ed5964da4b46dd869a1dc86ba40f1b,28,0,0.18541981430258164
31e86b42755b474695f3c0ed806a0372,448,0,0.1005530896042115
63d12bbf80c049a3902f3a54ef2bbfe6,190,0,0.16837265022611142
4973b0fb8d964217b151b7e021463c85,174,0,0.17199001224585908
0a0dded020994bc0822144e71bb3985d,599,1,-0.04348619564129519
967cdc8ebc5445d89ec1e3de0cd8c1ee,372,0,0.16017638624720987
387651e8789141489ffe14e87ccff1b2,503,0,0.1638167293866526
dd375cc03c924bfb97efc555e639c2f3,366,0,0.16270419982889456
e86e9eb10ad5455baa500964930c8435,621,0,0.12393432563416207
0141d3e144bf4b4280ad8c7720eb18b8,253,0,0.18013920997046318
c605322c808a4085a8558b36bbaf4ca8,296,0,0.1657790797850356
74ea5055c3dc437089b414e80373ff85,283,0,0.13080022556745707
78112e6a3cac46ab9989e066c3fca34a,463,0,0.17372468671341285
3e83c43e7f5340a7b6136789777cdf3d,253,0,0.15895691575660004
a277af577593409aacff53724c3e731d,777,0,0.18692849695775504
e387b9fe62054802a97ff153ced1690b,175,0,0.09208191466356086
717c48957cb543b5a17004111b85e167,187,0,0.16953041981074252
4ebea8b4f3224f2da072ba814ef57b2d,283,0,0.06963446288744918
1af0d463ba804c7da180c26fecfbe87f,609,0,0.04391995120760017
cfee6c4de3de425e9a1382ca3926b7c7,24,0,0.18557138509301024
de9b6131036948aeb79ca5428a7653d8,366,0,0.06622077798856385
9653b0d33fa542d3b5a920b8abf94e28,479,0,0.13783828586986102
75e758d911844c6abdf4df9b4ed8d905,89,0,0.15159323664855417
379059c6d9854905abf2d1a68c176e00,723,0,0.17357885752494584
321724deaabf46f8a6ef0721b2257da5,403,0,0.1776826681615018
d67006245f4f4ffe9537daac36e0ef61,681,0,0.1865121032769863
f2759bf776e747baab09b3355fc4b736,483,0,0.1415380833150378
e80629118d4e445aa58d9be6db8303ce,687,0,0.1745157534878034
49640886aa194e59b1635b0658402793,33,0,0.17738310622330478
4168b6a637cf411e9f976eaab54ac422,703,0,0.14736500318461054
7e3b761fa44443e6bcd83f68ee078a98,343,0,0.18080266685313096
1f91aec987d644daac688fcc4182d422,768,0,0.09002945505148535
6d58286dc5c743d3bc1716e635ca71a8,440,0,0.1495977689950056
4c56d9fec7164812ac354461c75d3798,305,0,0.18327354984580374
0b91635e3aa343d29ce446d9a0b1c59d,49,0,0.1656163860893436
b3f0a2f3c6aa4e7a9b30ba971693b295,562,0,0.1550073635695654
b0268379980f4ec0bb05fa5b29f25b0f,637,0,0.16728946465448463
7a709660dd4b4f4ea8e72d6ce580e043,366,0,0.10142172248910303
f4c819a9a8e943d7996a0ae31e58117b,724,0,0.18449699807663894
3c9e3d7d01f148d0ac739fca29e02ddd,279,0,0.16606036146065284
b6f5cad31ad744adb64888385b618ea4,161,0,0.16403614536230604
179d8a44e5684decb8be2daf1fe004b7,311,0,0.15017889184386313
1dbd7509e079487bbd3ce186e389fc9c,744,0,0.1668287339892502
1e90c32c9a664d1097684f9860e1bf4c,775,0,0.1797786442953223
3e34475ae3c043629fa56d5c5ca135f5,175,0,0.06993822456843274
4b0a3151776b4c148c02ca9fe0c74082,50,0,0.10404626200052342
c892bf30bb514e8a9b50679fa228bf75,460,0,0.1360565882463492
b2be5e90519944cc9bd5aed022174600,347,0,0.17779512852229484
0acc4d18de22470192ae0b645c56ee51,241,0,0.06582975454450135
85ab1de91db94eaf827d3bdf4481ea0d,65,0,0.15543318765679537
c1110fb789464ccd890b2a26bcb20e85,279,0,0.14223581925299222
8d16b3631af144c2acc4a0d373b7f4a5,315,0,0.11468493621447273
e5eb53a791cc4e5b808f9d32f69bea46,29,0,0.10280103769681403
b087acedb0cb471abecd50a2ab5ade8d,41,0,0.17070089005513062
c49784383b344664af05d420e49d543d,152,0,0.1207329277489591
97842ab1128b4a4086554d311ef0c04a,347,0,0.0011053968213919907
b9a1a8d5779d491f8c5f3a7c6aeb1b72,599,0,0.18132732955240338
9a3378a3359b421daeffde27eb076306,106,0,0.12043353968637749
2811545a96584df0a364c5d9ef122965,150,0,0.18882686975854845
1f0e1dd4ffad449d93e73b7e24e3c4b0,295,0,0.1847441479130777
5ce1d98ed3ba4c92877e31a19905e77f,513,0,0.17939878324757463
2f6fcfaa40894edca0746817008a2722,330,0,0.18166763346542908
c0dfb6a1325445e7bdc615226ca4156a,366,0,0.11263517915764354
de4b857bea1c4a96bdff8e6ed9c64038,703,0,0.18571888299510508
7124e9159873483d86ab7551e7830835,609,0,0.04754726086493394
4967afe6b191493aa52e36f88db7f68c,150,0,0.16599541426191744
17696def7b4c4e6bb95e13f4d9fa4865,366,0,0.12569948243189638
39042d80acce4427a0181d9b596e4e67,463,0,0.16484909326882358
eb208b34eac34429b3eb72d919c537a0,647,0,0.17928840380800865
10609ff26e684eae9d074828c9123aca,283,0,0.1738777626513322
a829f524b5464756b26ded2ca167ce7b,744,0,0.18576405157009318
682bd06ad9c8443b96c557f744f3da03,174,0,0.18492447887597607
04d019d62df147ad836621b84edd7aa4,229,0,0.1805596923694066
f5bd9ed7ff14425bbb54c682ea90bc8c,251,0,0.1515236590031936
ff92c32ec64645518c46b7018fd9ae87,666,0,0.15490658528891194
c1c14b13c5d943eaa6269025808b4007,318,0,0.17245608289266362
686a9ab03ced43c28644fd7819e4e211,587,0,0.1856343897794937
35fb5cd2e3944418bba7ccf1347352bc,763,0,0.1686052155255976
6400e7b201ed4e0196a0724519982877,432,0,0.18219628199690752
fefae16cdc524459859eb988f3f47d33,647,0,0.1403379683787922
2ad3bcb7313b493c8bd449ea7f4dd028,597,0,0.17396679205775334
709f93a323cb4900b692933fdccf3988,234,0,0.028045178045749353
5b8fa006c4884b83991bde083869df0e,572,0,0.18462318940619943
924777f10b7a4965bf22bfdc55b345cb,307,0,0.1676267523780428
be448e46b4214c55ba9f511bcbe3f31a,742,0,0.15415918510234927
d0abcd5304b0453b94573c27e2cc8241,597,0,0.1628015468120767
49c78afcd5844e3e882fde4638de6eef,30,0,0.1752419090291507
b7c1a0a1c549400687788a8c9c10d25c,28,0,0.06720838928140843
1860891cb26440fca3cf875102fce5cf,703,0,0.1426558598471594
09c4b1b2bf3848cf8c927f51dc4f4d0f,366,0,0.09974097368377716
f7e5ae563a864be9b5c387292a41a4da,380,1,-0.011864464528811736
5914d70a2c144dd498819afb087e8782,621,0,0.15906777353698387
6f371ea7dc704a4b92881cfe0482044f,311,0,0.16753062100777627
a317f7b00def4263aeeca588f05ca6d5,187,0,0.15756594894251752
b89a648968a74cd7ab72f366fa5b0e8f,494,0,0.04366731075556202
e96f3b5b05c242c5a765a5bb0a875e84,435,0,0.18524123916312996
759781fb3e1442149675b07d6a56ddd4,8,0,0.1697505703652316
b59acfd4c6274f1cbd58cb1314d4a1ca,762,0,0.07522440706145078
8c6d15703e4f4403a297d0739bc684c3,785,0,0.1635552029546256
6d7237bc67874229a76d6997af4a9723,703,0,0.14318666691509402
f3e521553b2440ffb06296200babfbe0,424,0,0.1318406493892081
7fc670aaab98417a869feab7117383fd,50,0,0.09859197768584427
3e57eaa5ef0343b39c634cfb3690b126,424,0,0.0929505131570077
98c90d6467e24d80b63dc638594eb47e,478,0,0.030031102623514994
c6c13962ac2d42e897891d41a74e9f9b,251,0,0.08174586629963648
d6bcee026f284d1d8578484c5ff85d44,24,0,0.18255834365112333
122f0a8e5c3547c99362b942386ef85b,762,0,0.04423080154029768
e55a06c6cb2a4d57b5829847a0bb2dfe,419,0,0.14945917662753533
98e78d7b67574812a9544cac8a5be777,161,0,0.07984541599691714
09ba4647bff74dd18262698309860eda,562,0,0.16270127343354485
f3ef2c05d9d14cfeb195abf7d7e76c32,676,0,0.18214738440553352
f4c0ed4953c4400398454c879a21e141,366,0,0.10652534502031835
b4a63c3528274da8bd8d0a668976d5f9,49,0,0.027379944600519845
307bf82d7cf3465eb8bb8a70029d68a1,56,0,0.1515807459955349
0491a729b0164de1b03608797a45482a,411,0,0.09095972061721225
f763f805c8424a80bb191c670e0e378c,33,0,0.1764758016018112
d2b89c1885cb4b69bbb20f429ec0c323,676,0,0.017441567755618226
6cee438e72bb4440a5136e597364bf7e,440,0,0.17062777082916564
9731a8165c864afc9079121a48d2d70f,678,0,0.18074891200773124
4d4a3598187b4f5a862cce1c888415c7,488,0,0.1247668574901446
d5df826ea6a4490a843905668e9b6034,368,0,0.1751930214822222
511e3e52a3ae4dafbc1ac606c11e825a,681,0,0.15209099655284808
4c4839a7f9914983bb66826b103529f4,704,1,-0.016979132220127258
ba18ff2a00914c688c4c13353c84a8d7,366,0,0.14729329552924997
f2d7ceb5840f4b109121e63a5d28c31b,65,0,0.049354538590599906
d9b08a595e2748348a3e5a07ceba0059,310,0,0.1777939224358806
cf0495d3900844f3baf53f982afd04bd,773,0,0.07605712524771213
6fd4b8a6836e43908c821675a5e68398,549,0,0.16222755530301708
449436ed8f4c479aa489b9c8146e5f65,305,0,0.18001180685682422
d520c97388cc46f19fa62c9f625938f7,296,0,0.18192043050975526
dbf08415dc1343239712eb3d2d47037f,396,0,0.17362566816075103
4b56f49655b040479da7ed3286f2173c,683,0,0.18106622386459476
d935cfd967ec40fd891071c6202c25a6,650,0,0.12062855615699775
8ff9126172a046b580b420977096e5ea,792,0,0.18440652785556888
de04839c4a9247cf8f4bec85a4b72bb3,675,0,0.17435367800935442
f8587bd8625044c792584e5837aa0449,767,1,-0.11325403133924672
ca18c59daba74273b598e9cd7730bc23,437,0,0.03819279846272644
d9184c2b0548436c99f643a5c41c6fef,437,1,-0.05700605848205109
e7cc611f03b942229640a578fdd041a7,562,0,0.1389591534566868
aece5d9b09aa4b63a9a47f84fbd98106,437,1,-0.04793770187700863
b2336e4397b54d6c88db9bbc18c4c4f9,621,0,0.14662899386359868
505347ab243f48dca651b8cced07d4d9,437,1,-0.05506740133441268
5a00237708e344a68bb429bf177fe68b,615,0,0.1757140547299021
ff64a775b67048ab8c7f61d826d65434,704,0,0.1321795700394146
f93cfc18e55e4b3192a449180b4f10c9,437,1,-0.05511038221183984
88f2e9da207441e5a690a6c92aff3ede,437,1,-0.048330325415288145
d7818a304b7b437b9e5f0101277d6524,775,0,0.1773122958520063
f91881ef8dc14692b1706f57b351d8b5,437,1,-0.03647513882120457
1f1ed787715f411a921a212a445b413d,251,0,0.1770648053804127
2e3b78ed3708436092edeaf137138d82,437,1,-0.0424915373446052
487ecd616a44434f98bd21fc4e209276,437,1,-0.041190580703092006
d9aa220ab5924d759d52bccf87cc82d0,687,0,0.17449965878099954
8feb15f23aa24ddab89ac5e22f37198c,28,0,0.18124330904748104
65375f5739c44bcea7c9bc583af0c82a,30,0,0.1779915112499133
af1aa24d59b74639995f33fc2a8613ed,785,0,0.1785417257883249
2e12e303fd0940c6be083029e0bf1a12,6,0,0.153521698830263
0b8c95df72554b5198a0efd07cbba569,572,0,0.18565144935539601
cdbef2bac121421f8eafb82e88ccfa39,437,0,0.15841955972191318
01b53d0cdb2e4e4098e7e5d254fb646a,572,0,0.17540840065834218
d27ec93f608347eea259b1c79b878dc2,30,0,0.16069458429606198
0bf74a22120e4a7295dcf1ff8ab37dfa,501,0,0.0061581287611706115
ac3ba8a39a644500a01b23b154cdd9db,366,0,0.08029732456009175
f20a22afe0e34a6099e8ce26f41db5ea,270,0,0.1582843959195136
19ab1bb791414d6587a76da917fa1b7b,488,0,0.11188973552486797
1655c3c8a7e64ae485a5c0999f4fcc69,147,0,0.16481033410196733
8d79fa6475a443da91ff68e0e3799189,792,0,0.09052335203399409
8bed066a39e14c6f942ba72cd17d1f0e,767,1,-0.07026074266814375
af1c97c073344a77b6ddd18cde01e499,152,1,-0.008932950748427149
5a8bf8a1c9224545a71e245cefaa58df,744,0,0.16057103705872267
6e2d866373dc4accbcad1726084c2400,650,0,0.028514968109521754
d41980ef8b864a34926f6b62d5285f92,147,0,0.16318989304114756
526f5b6fd2694d83b10ec158b2df1c15,478,0,0.0481017300969232
227d894a50d54567b7acccad437425ec,366,0,0.14292984450879465
0b83ee84f3774dd7a577939d1b076fcd,494,0,0.12979482563045286
a22e4485dd9545a488062fddfcfba173,176,0,0.16790291518887424
b15cf7299817470f937b52a5c833d26c,283,0,0.1771009770167567
3af9f86a64c245cb828ecafd1a35c934,568,0,0.1824507710060661
4646b2800eda4effa061c2c49e17320d,309,0,0.1783388872261935
c895d945b2af4e10b4ac583ee09187dc,615,0,0.18656909525148652
c460ae16666d496998d38edacdf60052,703,0,0.07782158652743543
037f8d703c50485b9603cc6382824361,744,0,0.10578086654922242
23a48ac12c6a4c5baf3401447cbf846f,379,0,0.1585983239775245
125c05ce2de340208558a3fa9ba3cbac,241,0,0.08696901685402753
c762abcc99eb43109dea25367f0e9f93,303,1,-0.04391620278998132
2f9337663a8b4102957278b38d77cae7,676,0,0.18772825272767268
57beb8791ded4fd2b72a5f68749a68ce,678,0,0.160268053634339
2ef13fb68eb04a5c89e4e24f6f40f2a1,677,0,0.08681477487880002
34da15c61df54df08e41671dccab56d4,461,0,0.18819917999975916
8b7e6f968d094b18aba3ef2987797469,304,0,0.178611782887929
1d3d31592e314b50845177ca72e55c10,296,0,0.1747095810458585
a28a8428991248b5bbe1b31bb8d18686,597,0,0.17322189595550247
952316525c2449dcbbdc3da1762ea06f,716,0,0.18824635930944583
25fd9c2fcff244a7a8d89a08e047cf30,65,0,0.14411030316892126
6d4708afa01e48f28d612b794ddfba3f,270,0,0.119178595278708
5f67be394bb5432996178a54c3492cd3,174,0,0.08101750408238856
29a67f746cb641f7b03ebd54e79da67e,56,0,0.14886276592201814
f26b0d22ddb44906ae88d3ab2f585461,513,0,0.1314908985726127
0e469e9d4e7545f798a61a5f57d86725,771,0,0.17694262580007436
2cb66b809f2948188abbacf0d29496bf,253,0,0.16774941941040888
fdbc3badbe5849549e535d933e3777fa,241,1,-0.024808197073189375
28cdf5e528dc425c989a48cbf5aecb09,106,0,0.15536609863119644
127a5b34b59a4ca0a923fa316385c356,538,0,0.17894326725055698
dfe81f85a3d64d53b773f19ea573d9e4,307,0,0.1769603449727144
49a0544e82724af8a2cc8c9ba14c54b6,8,0,0.18015720474822933
716e17c0d660437d95dfcd0f7240c1cb,437,0,0.080655240452224
0e847c7dca184ad28b6de262ca64d54e,461,0,0.10022871952047663
2cf677aaf30e4e1d88782bb68a4c4fd0,609,0,0.10881878699802316
444f06555ef44e559cd703b9388a2911,488,0,0.16157689986364215
e5a79e3b24ca4020ae59f47b86014d6d,561,0,0.10978028993688066
9f25d6dab9374371a70431b85664278b,291,0,0.16812484319618443
6800d2332e99476685edf1f0a36a5f94,310,0,0.18021982940636505
53bb0c351dcf4aa1aa16d0312b3b0109,56,0,0.13309791292286566
17203ea2925343ebb62994d7b7d5c473,599,0,0.1847679812142014
928581e7e2284032bbbd4bc773c529a0,190,0,0.18680146923634572
92891a1f75e9400f858284be9253fca5,253,0,0.13627577042850691
7b2956a7d4d94f0ebf3e5aff238da442,343,0,0.0960250832161994
174e7628d2eb4caf95b67d634c98f45a,372,0,0.05766059722505551
f52a5848e0fa4be1a995fa3271e8a228,452,0,0.11939883797717993
4a8e6ba1d449417f90ac2f84c6abf15e,243,0,0.15874036553032744
9e613e228c7749dd92cfd4110d44c2d8,435,0,0.1772424438072595
2480b7ac84024c0ba010260d9a35bb3e,28,0,0.18438623093625345
a062119c7bc045348f5f27977fdb4cbb,666,0,0.16831900038978814
23a6bc485de54acba0fb515fef44a53d,483,0,0.12205952014769533
e64227d9e90b402784e8d46d47b2eec3,295,0,0.15642870586415097
a8c36cefa0094648a112ee653b3ba105,721,0,0.17026123048293396
6726beec19094b76ada0ed37e7b1d7a3,403,0,0.1595651118808034
31cef6c682bb4e6fb7d11c7fcbe1a63a,241,0,0.11767893873907437
ae093a1b047f40149831b441776f62c5,741,0,0.1551135056157516
d67352992ca54336a687f3e89167777b,176,0,0.004906801220069368
1799edd8bf2b4ada89f9fa74184c1ffd,89,0,0.13932533248330392
d9c5ce7624b0474abe566b56a70dab55,587,0,0.17436181771059417
d0fc9ed121b5449fa79dc8b5769bcbae,360,0,0.13985041911795032
3f84432fc69d4a5fb54caee52c79754a,440,0,0.1817307683577118
6ad98cfb2df9416bad8fc311d007d850,9,0,0.17328105327808718
8e502124995e44bca7d3a346317757bb,376,0,0.16086319504251823
350d00e64200478b90c8acefe0e8476e,13,0,0.1793838028690068
1a5dc34e426d469db092174ef7e122b2,343,0,0.1167331026608478
22e875c463e9460d8ba265d6a456a177,625,0,0.16187603627232577
9342a2f62ad14c5c864524c6e9181b41,460,0,0.1372632569403236
143c98768d7746bdb24cfb24a135616f,669,0,0.07778129286311031
eef1fe752e4242de98fd83523d10395f,412,0,0.07646843999280961
52c67c4db18f426a994633ea724a24ba,187,0,0.18525447844050735
e19ea5afa8d24dbcbab750b01483a4f3,538,0,0.09701033908243595
f2f3fde66f204b82a6c1016f2f322dda,400,0,0.17298618609202487
28befdd62b884aac84bd54d9337426d3,549,0,0.04678413840975876
a01c4bbd53e945c089f147122efa083f,723,0,0.08594324682833165
49593ae3a6344efb9a952ed864937833,775,0,0.17549931162187526
4186ec8b1b944989acdf2fac12ee065a,562,0,0.13970385474741687
d82618fe6f354b2097b960bf0e11455c,75,0,0.14578409046194485
2ae3214240ee42b1b0e41ba3ff679af3,775,0,0.15501979676629274
4754f43f15bc42b5b3bfec338c5f7503,238,0,0.09301389112828329
22c51d2ac2724600b2dfb384f93106b0,270,0,0.11680829047534752
e1e4edd3aafc4f16813f66a9b2a62933,688,0,0.15730197473870322
bf7000f40c6d4d5b9f9428ca0c81a56a,419,0,0.06040495653217093
0c91d07ed57d49d7b59db3a15a466c59,366,0,0.18016360497739875
6e8c5d2265e34776b6672a7bd8be1141,408,0,0.12341389676401049
8bcdd132c35e4523a9e128540a45d311,176,0,0.050110654392688136
c1b41653655e4204b1e8c5633c721cf0,435,0,0.06635397414452171
e84eee33c2054ce283c4c1f58ff5f3b3,229,0,0.18111697562968093
5ebc0d1e4bfe47a8bcd59f2fd96c1ea2,650,0,0.12921633861946785
3a23df56b28d4cf1bc8310d392b08abe,650,0,0.12444660395071244
0855dd910db942eaac51f819c654148e,501,0,0.06847383585880557
4f497391c96f42c88f0bc86fc4dcea33,631,0,0.14711215307617914
8141391028744b7a98305364bba12bbb,678,0,0.16539967373868342
9a3aa1b64f4b41208e0a60d00f8797c8,152,0,0.18205224008470117
0624774a75c443778eea05ab82af9e5a,106,0,0.05460481380154658
7bfabc832f6c4e7493bfa418b122ed51,311,0,0.17907119286181228
28814ca4f8a64e90af0404e84d5f00e2,572,0,0.18368785500236062
21bef781105442ff93d89003bfd0588d,127,0,0.15814531430670042
fa4cab4fbdc34da88cd24468251126f3,503,0,0.17834599661534656
3c6601df203b4ef6ac4b8126753a8df6,411,0,0.12568905891499205
5f0e815aeccb447cbca2b801a907ed43,501,1,-0.000996702081301204
d4db366b08de4541ba6fd05232f4e9c8,328,0,0.16888134696644846
3874d996f69445559a7c01b675bae705,677,0,0.11111724556281494
27948b86480049a8a6bb86c42cbb3b05,56,0,0.18828062427168557
77120a3868be4b569e4ebcd760468524,403,0,0.18880382148870883
18ca5fd552754c6885914e5488cc579e,50,0,0.15594610519212732
f32d4d8ef2424d509f7bc8bdb5d388fc,416,1,-0.007635946503983138
e1c04bbfdfb44553907adb72dd72582c,111,0,0.1798459059843755
5896086fac4c41bc8f16d635ff14523f,777,0,0.18847199759341055
23f6f5794717495f8e210ad1c4e39aa9,592,0,0.09123912628678787
46a99bb9ce184b3d818262360fc735d1,676,0,0.1583823742635484
76dd326df14e4bc382fe87a4904ceebb,488,0,0.14254330786902242
1e1f061a98824031b1a0f497c4c6ca2e,452,0,0.18662509311184794
d2dc60d2009747cdb8dd2763dd673a26,615,0,0.17245586999613627
fb1017e1eadd4fa99fddff4864cc7e41,56,0,0.11391198440967049
b38880b8ea394e7b867cb150da88d096,637,0,0.17562570474045214
9d2da5148af147a88c0c72154115adaa,10,0,0.17953730042203941
f994ad496a0c4d4b880d2c101e347648,688,0,0.1868943714677917
5e53a56c20574d9492dc941fc2de0945,161,0,0.1591110699486903
6c0d34cfc8f245f7a0ffabd80aa37f7d,767,1,-0.014223233548044778
4c3a2bd598ee4fc5be32e429dae9a3f6,776,0,0.18275186267831922
07e28877234c4eeeb67864075cf7103c,28,0,0.09736197420384762
7ff0cd337fe64d219d2b11c08691c3bf,691,0,0.17288438267352518
aac15923f8e8439dbb3065c3470d0fb6,307,0,0.1666382689306814
5c05a055fe6e4e9b9812858a92ef4779,9,0,0.17872731046223966
42c7095b5df745e690dd887a45a9d605,8,0,0.17643565875100486
055f13c0ee9d4dc58c386d3cb181aad8,56,0,0.07256557130102298
79b1e368db9445f58cfc583191846e34,366,0,0.18377142327790996
f2124015764241459a03109a1bc18a80,461,0,0.1782759091419554
4d48da8aa3754b62bb18d6ca1ec2e2e9,6,0,0.14501779416585314
1c9dc04e734f48008a4a47e5015d7da5,676,0,0.1218836130972662
a086532a8b724ee6a86f7fe5b8cf98c0,65,0,0.1712319842003725
d9ff7ed03113450db7c445707a711e2f,33,0,0.10512561438385343
5ac5b1fee01e425baae6227bcf89f5c1,621,0,0.13145718774015053
516fb3cbdcc941e0b292cbbf51cc7444,307,0,0.13055769113295157
97efcc8878304b80a564e963199d0b97,338,0,0.15942604775879538
410f6ae596fa4e809273e339921e030e,411,0,0.09228331800168366
ede927a621934f17b423b07b89003e05,716,0,0.07290288893966829
4d99f11aeeda4de7885cfb7dc61814ac,45,0,0.15849930979323773
a705ac75d71342e7b36f3913ce143a4a,368,0,0.09999488722824323
f80d29a5c7cf4249a5b6cdadd754cf9d,666,0,0.15264539292951423
68271522985a42ddb38af2c96751bf64,372,0,0.17000555188480354
e45952189cc242b7a235e87186b4f48e,792,0,0.08614613835013468
81c9a5a574a6438aa3c9be8e20c11977,152,0,0.17978430274921015
634daf0aea8947a29203851fa711c3ae,669,0,0.0688477245811514
cd7bb0164b974f4599b1523eb6a5a995,380,0,0.028041574151261794
5c1603243290433ebda4ef2a66512ae1,637,0,0.16464987942908665
e4c56c5871e54bf0a7d86cf27c7f50ac,246,0,0.17496989031805288
61dc32f64b3c4d2c94259545ba589cb4,27,0,0.17613719098316943
23245d3ce1924d248c6c285cc14f92af,435,0,0.15380638846628086
f8bff055c3a44ff6a6111a03f6ce6d9b,549,0,0.17040272755033165
e43e1371ff9f43d3b53e70050e5a00f8,448,0,0.08227376996438401
474325d1d0224721b682c927e0744137,296,0,0.1589566515249552
11fe28f15fd94d1a9d3e6dea3d2224e2,597,0,0.03529482295673875
f0427c60a8364f45aa98e16a32a10451,49,0,0.17593109448735922
180b1ec129c34d8ca95114fb7e825da7,592,0,0.18267083016340374
348f7af5796d4e7b92a8fe92120ec0dc,437,0,0.0929608050686388
0cd69342ee694971868b50950dddcf4c,56,0,0.046995176365341396
2af97f6282784f40b4c31922b34b2058,238,0,0.18093728643041074
2d8c4d0b2463425ba0555dba37573c10,106,0,0.06664056747449604
13bb181496d44299b6e5f4b2375133a1,251,0,0.1668447978279463
597c332963ea41919cf976b65a20db04,29,0,0.09202700167527222
876e1e3e25a44ba9a6aabf5525274d8d,538,0,0.15650906225434896
0190ec4c96ae4b3c983e0df01c238610,703,0,0.17954877381544754
35e5545538374ef1a5724c6a08c03847,106,0,0.09174861266944734
d920f0db79ae492c897b396afa71458c,587,0,0.1865778188859305
66d94797c12f46ca9de4d6df2bb8e7aa,408,0,0.1141830415281575
48a225909bcf4a1094cafa4e607388ed,175,0,0.1686771250751613
232039ee9feb42d1a1669bb0e44990de,460,0,0.06818667776189613
263b18df6ce24743ad0d1b62b9a28ca4,437,0,0.14228052128951774
ad9d7b21ae494a54a5e7f59f33ea9aeb,307,0,0.17591913162567735
0f1a06d814a74991b7c4e03b94b2e6e1,233,0,0.17603453333978686
6f3cc6b6a2664c39b0ae88973669d5c8,416,0,0.1438305960918717
1b39a72762a04abbb319747c197b3d96,509,0,0.17778222788593268
be0a59636f6b47ff86f8e08747ee9c96,330,0,0.1712937946865118
4cb426e805064861ba9ae275860d17da,408,0,0.07009485310807362
2714ae9460c94d7c85b2bb847ee6635f,353,0,0.1630967233082542
5a3a958af35044159362f9d41d29db28,10,0,0.1410424685528014
6e2a997435314ebfb62515315132db15,452,0,0.15122011865013968
b6949d69c2de49d798eb22fe5d64ff73,357,0,0.16332114528297215
956dcca21cec446ba0dae704a05d1adb,372,0,0.1473142576534462
0b297756dc1d4df2b958339a051c82fa,785,0,0.16982803539545627
bb7345f31c7c478a82e8d389119b46e9,666,0,0.1500836347058861
d7441faba05441dd90f7ef1fccafa672,27,0,0.17597003744063577
a43faac50a824d419b965c2b3fa57949,675,0,0.1758606340928952
9fedb6e8405b4c2d8b4b3454633c8766,25,0,0.18309976033159203
dd53afe534a0435a81ee76330ffea3e9,463,0,0.14243045131592952
ca18f9f7a3bb470c81bc5c0d7790cad6,150,0,0.1623038206166671
d12f16ae75084abfaaa09a4f51bf1c70,56,0,0.17023522178240874
a2330aeb3af045a985d12f92fa0722cf,233,0,0.1282161279277746
651bc2fe59f0452f88ea30eaa0bb88c6,174,0,0.18479017887713994
3d5c3280b7a94990a704cae09dfd0e3d,625,0,0.13208619097537244
b8fed377f46d4251bc62c85f11ce66e0,234,0,0.07388682311311034
e1fba66589794fe8bc8164498b77f547,488,0,0.16183388676807647
7ecf57dc359e46f79bc9e56053dbeedb,424,0,0.07798284998955463
e402605c9bb6470dac732794652e32ab,782,0,0.13581278906556887
2e4ab97a0b5d4f969d4ed805d876b7ac,650,0,0.12220151963001191
708e37e56d7b4c1994dc4d893069602d,318,0,0.17423903583920575
f4da6d85d40e4deaba386792e4081978,239,0,0.17437714649933633
c0ca3e8c91a34f9dad9506a93a006150,623,0,0.05363951202481637
1a643e69a19e4eddb54c22ae8b775c2e,625,0,0.10986245956441981
5a579e0a73404a348ee60551c018cb30,625,0,0.10287685270482005
3596348d3beb460abbccb68ccbf1a1b0,637,0,0.18229641699833588
a4f374d22e5b4a04837f09459ba4ee98,360,0,0.1260815067352113
7192cc4a56d747478019459d0c2f979d,773,0,0.15950600201116005
7130ae2c724e460cad1391984d29d9d9,292,0,0.11664719403343027
8ccc1114f7db43fa95180693b6c3471a,338,0,0.17291690509670182
dd817cfaa88443ccbd393f448f0c8505,666,0,0.14557834371796485
9d1d74d98687493396e342b8bd7a927f,56,0,0.1861139407280084
62cc7beb4fa54779a25085da2b3b601c,561,0,0.07779089932937461
c6460b1ca35846e6a142c88832c0e477,30,0,0.1405366269386144
e42df96dcb6740b290a976a59fee708e,229,0,0.18025916332292535
bdae6199cc6b4489aa8829fd67a69e1c,304,0,0.17971069483894192
64fa7d7a67e24650938b7b262144db94,538,0,0.04170596090256695
f09427598d964603b254dc1a6f94d9d3,223,0,0.17634618113926553
60ad63d128f84a098bf994ea771bf017,9,0,0.15785636034554834
f7c91ff3e7a94b14bff2bd4bb0d5dab6,30,0,0.12047889149809754
1317afb725634462b001f9e51139e531,283,0,0.17957274140152346
48fbab62a31040ab913031b8a22fb38b,241,0,0.0895993418901394
5dc34a44b871439992a5b86cbae61149,411,0,0.17618682099795868
4b0df4db590d47ee89d0e05bc3c7535a,531,0,0.07498393807744919
351f8d4d98df4b00ae207c421b9367ba,379,0,0.1309965264796356
4ff1fea5f0dc4cc39867ea61d755fd0c,200,0,0.16489366255208154
9551bc765e1c42dcbbcfb1298d8e924a,303,0,0.022422307226210636
468fcb90610b44889e847729eee36df1,270,0,0.17928471922357397
d8ac6273dbf245679fc4149454edfbda,562,0,0.17746844735182743
a4612f3432f546338f69646951aa3d1f,174,0,0.14978354811232203
9a80e9796744455d9c79691225fa6c98,190,0,0.17328929446516994
488cd4c0d78e4cb5a3caeb2ac23595b4,411,0,0.13335298592175177
2f11f0dc16ca42b388d8468f8985f930,41,0,0.17238820707383018
36c40f4fdebe4530874c165a47f380de,111,0,0.14663782655952656
17ae1679d09345438fd63cb0f1c3e8ed,597,0,0.179054892594477
c9ea2b5e668f46a2b777610d2d9a9f24,243,0,0.15013318339671772
16c748dcb8534837b7dafc5d0929992b,677,0,0.12588706997650057
b544449fe7a84b85b8c2a27e640077c1,223,0,0.04504084052499674
f25b7c1c0b1e42e1969e88847b77847a,111,0,0.15937779209006786
7b8d203244ef482b87709d8cd11210e0,174,0,0.1475856037449137
0d98cccd84354cc580cd0aa10875f22f,768,0,0.1822191034090297
929f63c1e4224596bb94c0ffb53af4c6,531,0,0.079435989547471
722f4842624d40b6ad2609b374e179ca,270,0,0.12524019674618286
f1dbb3e2b3474fae831ead9f528b8e3e,687,0,0.1716782325945288
f3d57b15a59c41c885a51e560fef5366,56,0,0.060415499648515225
a177f6f46de14455a225fd576e790457,234,0,0.09264243649367154
e3b5bb16416e46a2b1f1af86c79ec066,283,0,0.11927322916737476
96c08beea8bc4158a325f6cd76ce0476,353,0,0.17236408200054382
13efc83d73c44c28950374635e9eed3b,704,0,0.18218242242648153
68e61629065c49f3aa3c5ff5c94826c4,152,0,0.10089547627985118
2a0fa9f62408482cbda1f3494e73034d,56,0,0.11037003095037662
7994c0e3b38b4d618974f6470415ecf7,799,0,0.13388809370730048
1e7971eb2b304362a089199a1e96e6cb,561,0,0.05083440733209715
e591ed32ca934ba2ba7a51e25718a837,625,0,0.18803831120570164
c37db49d5bfc426b99ea60173051fb24,50,0,0.18625397549789263
2a07ba46b14642deb4a8efc2dd30d0f0,75,0,0.1729512083030758
9e2cf06a65d34369ab49f99c0150e4da,782,0,0.085700592985406
b360bcb39662474c819da5e8752b02d6,33,0,0.1733969579360159
b810ca89b0084d188a9205bc5d59c632,56,0,0.08249441961023962
8e8f74288caa4a40b76b204726173579,246,0,0.16419965518946922
4308495069794406850cc7f43f9c9be5,338,0,0.17759327052166357
69170e44c60f4da88d376c6e015353d6,41,0,0.09232423781351518
204cf18aff164bc4ad35698205907a54,773,0,0.16497727365128545
2bf937d0a7ee40e98330bd4532451074,223,0,0.08647787202619955
b19ec91730fa4055853d592d1be77cb1,704,0,0.12245233862892135
6c4cc355a75e4523abb6b61c867b3e53,754,0,0.17621479915558624
50cf511cccfc4ce78aa11c110b923502,292,0,0.167888807992077
e76e963a2dfb4384a4ac6420a21dfb26,592,0,0.16215084862138873
b62df63c7bda4a6bbe900b4c434b4319,592,0,0.0503262424363316
90fce68b95604b5facb4f719d8f4426b,592,0,0.07817476492021286
e3237d1b91fc4f029c497e2a1e1b725e,592,0,0.020031109518827472
df5a449a61664490a7bcf6f5fd7dc386,592,0,0.013570079442676408
951a3904a8f04a6c827894f075d46835,592,1,-0.014022547389020645
9ce82e1113904721bbba7904ecd568df,592,1,-0.001641250272897854
8f321ea47d484e2ab963a29b5464bda1,592,1,-0.031680673233233425
1d5d4fb08ce94c1497d54b5ffe0edcd3,688,0,0.18218784562445556
bbcf81802756483c80c9e02f0b8e2949,403,0,0.17775124816585425
02ca91ecbd3b478dbb098fb6b97203a5,592,1,-0.059577140192326294
691903ea04be43419aa98cffefe3d944,403,0,0.14360836718790848
7b33179171904e31b1abc12d4b030e89,592,1,-0.08984027399819083
059016a81058468aa3b493a475a17587,238,0,0.18799159282416905
83226d6c761e472db2eb566def5ce057,592,1,-0.07589088105423003
1f423bfa91c44ecc9a809b40a7a44a57,592,1,-0.05682086889096871
e00160d29ec54ec78f253602f43a9b72,762,0,0.092156617386217
23d1818cc3f446da983c2b5c24387983,56,0,0.09161253828833815
2dbcfe2c745446eaa9df3b2b898a4b7b,592,1,-0.07781529988760794
aebf6690258e468f9da02ad678f98fbc,592,1,-0.07949715742844254
8668711ee68b4516a9859374fc4cf6f0,592,1,-0.09765120833894203
9d17a0a916824cafbf9ef8e589107c82,111,0,0.16419840485450993
93439bea34954b0494f48b6846f4b612,223,0,0.15610833938564606
adc26ec2586d4379b615c2c3196f6473,372,0,0.17330845559775648
cf486f57b83046979e43c6b5a582cfd4,432,0,0.16257464434745128
9010f678d2864ebca92cc56b4ad92d43,279,0,0.0705090750885935
72fd44dc06ee4c26a41f62c9147c57a2,111,0,0.12600398324107237
97999ee6428e49e984cfc937d6e3a5f0,782,0,0.033547463994551774
892d1a23a4f840e1b6e22b51f41d7c16,776,0,0.18127014505794253
6e6a88d525c7486482ec7b311810bcf1,17,0,0.17817585378640916
d726396d369f45cf93c7c60a3dac0760,483,0,0.15871978341847176
8e4442611a5e4c28afb48776fbca94e0,478,1,-0.09538741139361995
722231177b29483fa07fae9a0121e37c,56,0,0.001234074760115056
5f19a417bb5b4d9799da06431815fee4,587,0,0.17983886806726673
5e06ca9c64ce4405b58546da4c61abe7,688,0,0.10989161998314473
fd2fd12bae8440e1bb5f26512f51a0e5,338,0,0.05636615291355501
6469e72c981e4d24b20061c7e051c1a6,440,0,0.17998665279304366
0035ac190a7b4d779eb8f9bfef41932a,408,0,0.11147907648291316
cecd2a9596994ca6a469f85c6969a4da,597,0,0.10449990061177039
a945a20111724acba00575c1c9b7771e,270,0,0.16761950435043899
d69d262116ad47a78cdf84606580057e,24,0,0.18514063410058162
2ab54f107ecc43bbb808f0cd11cd6134,785,0,0.15465143485546473
ca4f582737704c0ea0042c1f724746c2,376,0,0.16111121471631157
237f683a29914e9aa9dff51a4750d09b,343,0,0.08391937824096274
154ec22407bb4d3aa052466bf093767c,773,0,0.02680316218333123
3f6a0d30218b45379dcbaf10afbeef78,773,0,0.14790635096638927
1af2f2725627469fb652a6fb4d9829f3,773,0,0.10310252590844565
7b2718348f684fbca5c83136ab0a0b61,773,0,0.10119119346960476
b26903c096c54760bc157c15fd36356d,773,0,0.027279369687311705
c41f9fbe0f2c4c779ff4d78275799a24,773,0,0.07175303851411369
2b05357903e8438888b637b63ac87223,773,0,0.08530690311612443
c1d9a73625a4468d90df63eceebb2a16,773,0,0.0932802052129838
060d01b06b4b4ddca0fb43b45b2c5955,773,0,0.08645975127891858
ad74bb84a93048bfa5c03f7608359b42,773,0,0.06796134139233906
e4245c28f3f5458dbc10a448f43125d7,773,1,-0.01886221890038764
3130a21cca474a1ea782c7bbaa0a9b4b,773,0,0.03787684972205296
0474a19ae9b9450e9318d5ff6896202e,773,0,0.04837932764170655
690a8985f1f642fe94518df8e98fd8ce,773,0,0.024270892876848305
959cc87291fb454d95f3668d4b42bce1,773,0,0.02315529254771398
23fd4f98332140ffb0f069a8c0f45036,773,0,0.027686454828401152
284082f1ed5a46e58813c89621cf5006,773,1,-0.013564287191689783
a1b42bcb8ef544ec8160bd2cb4bd765e,773,1,-0.09900763086638109
8ba8af23bede4a1a818deb4670027aac,773,1,-0.007132449666258367
267f0b890e51434286621ea77f1520f7,773,1,-0.012967488276175776
62ab032e3e824c9b8456ff04b88e8710,773,1,-0.0015353243080906687
4cc71a7ab3bd4d35a18fc9d7bf10b891,773,1,-0.05706522230702338
9af73822db1a4e0c95029f19a98d0933,773,1,-0.026889482015661548
c2fe01e7f176400991c65509d4d9ed92,773,1,-0.023129345833353243
36b23a34251643ac868d9a5b2ea60272,773,1,-0.013055146901064796
6789f93e405343b3ae6738f2eb1f6c10,773,1,-0.009073053354331506
00de2315991e4cab96aaa7df92ccedd9,773,1,-0.019293608431556475
b785afcd15cb4367a3dcf1743941d075,773,1,-0.017900355852019323
f90efb2bb4af477ab46d69c4abffb7f5,773,1,-0.025548137458567766
9daa9d90d06548f6bc7fd4310e86d5ad,773,1,-0.020963064440346124
2e44428fa5d647d3a3747b664c1720df,741,0,0.18497497320549972
f1473c20cc154ebfab22e53d02ef7c89,56,0,0.06885536118851504
b24a0bfe7bd04c1596c6d59695cb663a,503,1,-0.07188310284697563
0aef5c41ce3a4a948231c84cd1e845fb,396,0,0.17966895338596672
ad8a0bee3cea468fb6f387c82bef090c,597,0,0.14514622143141503
1aa7ea589633476f85bb743468ed1c4e,538,0,0.1657638220010032
a6ec1ea6a4ef4932b60cf8e237b4b1b0,412,0,0.15995360199360065
e7530c90aa114fe99261ee9651c370df,452,0,0.18558119879163676
c42063dd3c7e41008064691e3d749f40,478,1,-0.03179186695239167
c2f9fb4a4c9043ddb8e83bff5dd5ff3e,592,0,0.011901474036517534
7973f32d753b4b5d8b1d43a7db6d1dd0,650,0,0.0996888599201548
d1ad9e74aee440ac818a1bdd991a2a31,315,0,0.07834068429966196
694495b4e61241b7829f55cabe56a624,152,0,0.1787326924944172
aca0ef2d86544ffd8434ae00a4e98fa7,568,0,0.0791097204689134
d64cefe8ba6b408c9ec3fa2f389e90f4,419,0,0.1171497028919053
174a53049efa4ddfaa94df85e98812fa,56,0,0.10956385663354651
de0088095b3349fdabd8d044a5f45fb8,509,0,0.008249567903706456
3caaf2621c3046569532e1fd88d4253e,13,0,0.08645952341202062
359fe685ddcd41c0bc0b119518a8155d,799,0,0.15562265999106217
19621d54a4cf4171bb7118834693074e,368,0,0.18027084153776202
91ae99830bac4642baf46164e129c05c,799,0,0.12084883321474793
e3b776bf5ab14139a3a05566695676ec,460,0,0.04990789922048555
d1e969d0b3524ff6b8e1e6be2e53dc48,25,0,0.17666187433398212
99fa1f1b38184d1bb191789cb9b5f926,599,0,0.18297391140387165
103c80754838450a94485154546a1e6b,437,0,0.1624002400019084
802dcffe15ff474980a61788af9a1863,106,0,0.10851036771956385
65d741cae6994d71a8112e2e7f9334ba,501,0,0.0740097506538015
3bc4e3bb23304a28999ff835f7cfae6e,309,0,0.1757643021058552
5114e55139924fef838431324c5d4811,174,0,0.16893234381694844
98676936691242f1a328f11f6920ae7c,175,0,0.163525653472277
bd37b0c2bdd046869731d6e33ed6ff53,716,0,0.18294397983486754
9d9e50c7fc584a98aa5898d2af05809e,56,0,0.050945095316587585
9560ff78ff0d49e7afa9ac25baeec65a,75,0,0.17010657233919496
1c868dd87d5c43d4acfe286542246a16,744,0,0.17473271832359422
d38a07ce7502427ca90c8cb4c5093e0f,56,0,0.11505043156362021
6fba0c7229f942a683f047a12f68dd85,782,0,0.10184913438879911
11baa0793aee4ce6b8b2bcb82490a9b2,366,0,0.09058689630017047
f60c59adc0354bec85fa31e2daf6e0e0,353,0,0.16616141672717955
1c4260b89e384d9293016fc72a2d4348,379,0,0.09806818758103925
2011f904a0554f1f8b2835f69cb61fea,93,0,0.17493504803937293
517e7dd238c744168bece96c961105ae,174,0,0.03298267813459077
bfa89ad707794e8d9f56cbe78825708c,792,0,0.1476628630644748
801324ac177243419f03d103c9d2dbce,56,0,0.12066792873302362
06b7e92d188f4e2095e1f19c959ece47,763,0,0.17717818753983194
c3c9472d2b0b44b2a94678f38afdca6f,307,0,0.15990533781106114
3d4402950c434c2eafb249e89497fb75,318,0,0.11117893464859269
0704a84d485e452381932d8af7138b11,744,0,0.1373751141923496
e721f2fa0f0748f69b977acf39f933fe,353,0,0.11328657507763445
2ecf4f4442e94addb969f09888a45f1f,488,0,0.1354071667544675
32d80d3ea5734ee78123fd6f086ee529,403,0,0.18223835360155827
e799e6bbc1794c5dbcebe1a49948bc26,771,0,0.18574168719738826
88697159791646e39962cc315931bc8e,676,0,0.09275213969945212
ba3518b9ee5641bda491e9e8c1747412,768,0,0.18130945089601913
2d41bbb16f3f4db0a2b6ed7caafe9a42,669,0,0.1670835794873765
ef692ac3197d47d8adb32b8f451a10ca,174,0,0.13611018082815152
917c95d0fa10493e921640281fccda67,343,0,0.16750405517360017
19f1366515d44080998356e19100dce5,30,0,0.18809312316982896
aa5a0f75569f46989f89fef26c8c3ac4,79,0,0.16088812374175837
85aa614ded45427794b0af8eb5dc5bdb,448,0,0.18477383598794328
3853572a6cbe4c98848aedae813738cd,238,0,0.18233772320501246
05b6b600af3d41ecaed49c5eac38036c,424,0,0.1459829956260657
ac23faee05b145a6a86ef9b94b32ce1a,396,0,0.17578943603485336
2f339c6594af4b3aa4611d111cc45d0f,609,0,0.13924680691267777
06fe279e34c344f383ccc7d9cb3c3369,152,0,0.17916438854021066
728ae1e52bb841e48261ed6f585abcc6,687,0,0.1815505242811304
cfeecfc96ebc4b38b0ad89c9f34776f4,234,0,0.13835293268310583
4034b9e914294999a4aad5f44c16950d,609,0,0.1099176670319037
007b8bf15b4b4807882969e11fae769b,49,0,0.052323321737599016
53d2974ad6ee4f1da8bb6f2a8eecb5c3,408,0,0.09647502490400417
0fdef8de170641b981e8f3be4583f856,41,0,0.18184618310625172
89e2b65f607942569dd83003c11766f2,203,0,0.18377581803232773
9741b4fb619f49fa95f6ea65f1db7add,36,0,0.15762291180728832
42f193c8f46349cc9ac40e3431a5e7af,376,0,0.1734229046210276
6936285555ca42848290fa69a1d081fc,45,0,0.17167572806066922
0e1b1fbf1dd24f08b35b9e1fde1d4f13,629,0,0.15127870506503743
a42167f376b24f3eb4da24207dfc639b,408,1,-0.007778797592987052
fecd41ab7b2243b5ad93adbdb8e59fb9,762,0,0.04733475345409649
1a9bc2d4d7274fafb1c57ddc7eda43ed,763,0,0.1762454914579158
e96d9e09152c452b8122516edd2e8a58,310,0,0.16856009333366706
7a954188eb514b04b471e9d16e522cb2,669,0,0.14310480356974276
3eb720e79c6d4a7390ac789747eab57c,773,0,0.1836428140020845
0b99c596f94e40cd875cf55a595dc6c9,42,0,0.18029156069854868
14311e3c978e44ea841d6fc0666663dc,187,0,0.16157323648338245
bb569bcb565f44d69f162e9a69452391,106,0,0.06337322903189885
bda3576a2cd046b1be4947c7230d78ee,89,0,0.16861725442689868
f2e552c168514c43a06c4c4405474025,315,0,0.06910751077386862
c02ce04bf05d45bc88de06fdf0b5f89a,328,0,0.1866745708134262
52b2f6e15b654d5dae745ad6978e24e8,782,0,0.02093325402485935
3bfe6786664643529491bdab7fd979c8,270,0,0.09426509033211256
d95f9742c5b043ea95d04393844a1d39,229,0,0.16724988645169414
02b56ddfe9f746df9711b2818f0eeb05,6,0,0.1565937043437718
d003d22cd046402fb412ff2090e7b19e,264,0,0.09861677595030721
a896b1a8c7ee410280d5932345d49b62,592,0,0.000364936596181864
d6c6f06dd6464f78bfa2ec37d8359f82,279,0,0.10023338538586618
bd4b406bee2f4fb8a2d8a6b3f114013b,531,0,0.15909250447057777
c9154c7012424704a6776f6c609a20cc,562,0,0.16918252766035208
f112122c176b40e69adacdf9dabf436b,681,0,0.17954905671766774
5f230a69c2424404ace4c3f3a346cd2e,549,0,0.17349230515244474
214a691e67b247e69ed7a6bded711cee,357,0,0.15540464513848135
110b6b4f0894490da2ff1052653165ed,307,0,0.15188064760748887
b6302eb406a44e2089111e08f7d809a4,238,0,0.16544990847809488
58489663bfc24df6998e960ae4a41f86,42,0,0.1179161500597582
b045f21c9d79498497f85f1ec58b561a,357,0,0.12847389489243355
1a9f69c87e414548800c7ced35409d0c,572,0,0.15508632970486813
de064e702ba34d34942648ec2d7b5126,17,0,0.07777140852981435
b61539aa44e8461ebf5a3a8d5b5c495e,609,0,0.16612114929564847
195646edd8754cc9923269c7c20cc9f6,716,0,0.17431977267303944
deb600c3b58b40249f8b5cdb86eaecd8,677,0,0.13083265998162302
8c8b68e8a2484e8ebfd12730fa5c6deb,597,0,0.04718067742642895
db83a120935c493aabf9feac3b9aa1cd,29,0,0.17539196166934212
15b7cbdca0b4443db3d57cbde3467f9f,296,0,0.17826615905474125
291e40a7ac2c458ba6d73efb070751ac,463,0,0.1726101590089673
bcf95cc7d2ba481d8ba5ee52c7c84967,291,0,0.031986868677145786
51d492380ec8423a80228de28a7969a4,161,0,0.15702763005671527
c0fe68c97b984323bbfe51621b07d7d4,767,1,-0.0017019365448970314
dd5b2797c19f4299893c06b358bb8a73,251,0,0.17787638157933666
cbd80b3dd2c84dee85b780db1a3cf98c,314,0,0.13137384156883142
12cb54ae4de84168ac6a1a6be6794359,767,0,0.03423998987016841
d111f03cc98b4142b737a8e249d44591,13,0,0.021810389533905683
371730a49c954c4f9a30252623429df7,314,0,0.12624207443754032
c8567fa495fa44b98e29d5e76ed8ea3d,380,0,0.05303658958559393
9ff06315f8924236b1aac8ea1e8047fa,437,0,0.18705385186418444
aba35a91f4434c9ab3606bcbab77ca0d,637,0,0.18622030679921542
b61abf33aa164d40a8ddc68b3501b284,723,0,0.17974206573079765
71d48bb94f0d497882985f1a84c6cc54,8,0,0.17908854498174542
187e0f584fca4e69b650cef6158d390e,10,0,0.17620983142280172
582868b9e0cb4125802d7a5764527ce8,509,0,0.1876931292241708
2488a958d65547ddae7c070eb851be57,416,0,0.12991696297904615
f1e2feb2cc0b470a96141973b53ea126,602,0,0.18278460001837205
b8b13ae5f46f41e6ba2f41efa0d45dab,677,0,0.15547089920214074
2034938cac9b4c568d00a74b8224b58a,741,0,0.11345733444150624
1b3121a90dd1494a95b1a434d37fabd3,56,0,0.18388003865028346
214243f237744c359d7b8bc3d2e5e809,328,0,0.18301848343145288
a05ef8779a6f493fb84bd4fa4df6eeef,315,0,0.1741901343273124
5f8a6416aab241efbea61305e1eaad1f,741,0,0.16580267511205954
1cb6b71dbfcb4b109077b0aca583dc97,587,0,0.08320913713218564
a52a66c24b4b4d70a9dbf8a0442240ed,279,0,0.18320057115296956
a4fb22cfe09f4b509915c989e4563258,27,0,0.16318623340084254
1c12aad2713d44c8949529e7110e08c4,28,0,0.1888341101201771
dd59c90e748d4bc2bf28b2d24d866b2e,33,0,0.15126396974179962
3953a0e0dbd449a8a0bbbe4ad9195fe3,30,0,0.18435052567886745
2b54d5d68d514b16a65aea7a8de1cdf8,776,0,0.17628332746220615
e8ffe388acfd4e869dbc090a6977baa1,152,0,0.1804947047080348
e7558580441f4882a57375ebfbbf92fb,676,0,0.1774219905613288
2669133a6d5f4f10942ea2639d168cb3,190,0,0.18247481975519603
fd0dcc4b4e7f4fc28aea5bd96b5787b4,503,0,0.17091646441872227
b794055999da4c5c9db600ae570ba90f,175,0,0.14874708010267357
f16da4e7144a4157bf330809fefbdd0f,79,0,0.06675404432096588
8faf605fc23340c69abfbb8aafe62bdd,621,0,0.17910124830959956
fbca2b9fda7f464782d30055c5aeccf2,264,0,0.17454555891845497
91dcd697d6f444e091d91e0098ca0b64,241,0,0.18380922084363777
d32bed6413df43e3aceee893a063c68a,650,0,0.12094263975831715
c5e511f6e3a446259e8f3fca3ab3a418,424,0,0.18288478262935215
e1f6d87e48b84c439257b8000473e53d,36,0,0.09745962437421185
a23cbc38b1ee42cabf278c7897b01ad7,741,0,0.1179702431624935
badd0c6b691143e98b8cc27327c47acd,587,0,0.11597588851548424
8c242d70bcf7471ba42d02c252eebd58,353,0,0.16496808677444713
47f750c04678480ba61ef312966b86f4,741,0,0.1500139133996352
4dbf21d29a8e4740954cec72356839c6,403,0,0.1653301402303446
3e639826a4d5458ea82869bfc3768145,152,0,0.1546762425266313
5102d2d6f945456aa423e728c528c747,296,0,0.15998083216894338
abc334c45f794d37a97c887e5b8bdaa0,279,0,0.08041145204812217
9cca1c4d4544414da1ad2ac7fd2ecd75,238,0,0.16753178244508982
78246e3504a54914be9d0bcab736b0af,572,0,0.14806602037933014
9b7d0bff380d4c7d9dde59d5dd680feb,330,0,0.18663292251560365
2cc753bae52049b88ec625cb11b74b85,647,0,0.18315135048748094
a806888669734e158fdd5da69375adf4,200,0,0.18342764464171857
f1a0d96985454a6a8186d2cad7f8f12c,678,0,0.17362903608114633
65ef4edf42cb448f8da0ed27a403110d,147,0,0.17824033993427413
e8167994ffaf4a468f9ba800a891224f,463,0,0.17679504762235027
1912e16e86fd448b8a007308e2192896,437,0,0.15965138543251067
f604d03222f64c25a1cad8e8a48e892a,687,0,0.16472780437444584
5737754498a546e583a86592f5cffc75,283,0,0.17190886623273738
217aaecd30d04fccb0538fee8c4ab058,318,0,0.0711527388973891
e6e44dc399ed48988bcea7e9213a3e8d,33,0,0.0775338087822679
b6c129bf6d234c2ba795036e853f079a,233,0,0.17521324631331459
8bc9df25736b4a98ac2355d2948f1b54,42,0,0.18407538488282177
ac72ab89b0364ed1b408ea4b2eb1eb51,65,0,0.1710423217308643
4f66a8e885664ddd9818348fe0376328,56,0,0.1869364300069597
a5c2eab4358d41c4a487f15ab61a0417,424,0,0.007444017262425495
829689f8020e4babaf22f2d5dc24a21b,677,1,-0.00358631149181754
07c27c1b548f47e6bd4117acdb6d4981,621,0,0.18714188660093878
57beeec081d24abc85cc1d48c4c8302d,691,0,0.15561092159456458
19269aaf5e3949a5ac1c6abee7c99677,353,0,0.14506610930504532
afc3a83333cf458a9f07848b80e366d8,310,0,0.1564348293166702
774d7ff85cb6499f89bcbd7482998249,625,0,0.17018776743184655
d5ae170deb334bb38b2af3d4b4215d74,742,0,0.16751636418680255
3a8087031371404cbf2b87d659f57f1b,311,0,0.16710688849390254
a3922e2530ef4ebe8acb0f1cbf386156,357,0,0.16279729985291086
888d2786c3294d77ad3a87d7f475de23,366,0,0.1533694149000041
7e3f26a1eeb64e669f2b3260cfd7b8d4,625,0,0.14288628131040942
d09d334ac5cf4a269f4ef47c154132c1,6,0,0.16468321700603505
f4acfdbf767943599c1b52ed15faf102,721,0,0.1702867404145994
83e7f5e70a5144acbb90036fb7ac4024,338,0,0.1579503746549783
c98d37407d3c40a996d5c3c16d5f4ff3,161,0,0.16500144209195078
c3a75d2efd8649719cea6f1b8038ce85,688,0,0.17422359956336253
13af740920c44c8184309b5d85ab1596,771,0,0.18175329728671197
22343b60f34a45298da160d425e00157,676,0,0.17057945542739
dce34a0349c34846b8ae7486857b461c,347,0,0.1644413280671186
80dc8596e3d642ec965f084b09efaced,650,1,-0.004859401114487905
167fbbbcb76c42488637c0fdc76ef650,28,0,0.18655314736711293
4902e9d88d25495dbb33afa677e212c3,723,0,0.17789830529509865
48a4b69b2e8b404ebeaff844fce85140,49,0,0.18172332779723477
d55e745943b44b2385aafef704681fc5,777,0,0.15966600140826387
c542750a29034ed099413fd373f0e6a3,239,0,0.17829474504724718
d7cd64383eb94953bc61d9fc748ae264,776,0,0.18215647168045823
f4c62f2a0ef9409dbc85586591b47d9b,777,0,0.1329652081441663
6f303af12f8a4954b82ccdec380737e3,531,0,0.1549121288776742
4677d0cabae142f99fe5c1f4e3f3a997,127,0,0.17175150718248344
6d2cd54c9c23415e89e1a6c7fc97739d,8,0,0.1778055050810185
389b8b78571c4acbbc9dc6c02ba3bd64,291,0,0.03851061346487783
ca74c28f07e7401aaf4ff235a169a06e,292,0,0.16219064143082923
c4b4743f8eb84ff3812cc9cc1eb02eab,568,0,0.09758975871074493
3b7f0633117444a18655b81a538e35d8,602,0,0.07154548984423365
76180f24baf549dc9a456c3e6c72ec75,150,0,0.18314676518488227
4019e246651142088ce7692422df1271,366,0,0.12439040418020009
143f69ee924449e996969b3790f04a3a,147,0,0.1688931304406192
6151fc0e04534af2852c838bfe645afc,599,0,0.15535333305606636
0565c3ae5abe4e039e31b9410078da4c,79,0,0.17624057582128083
08b29c8339c24bb89e9ea4c5d89874a8,773,0,0.18178124326474726
defd44c677da4edcb164eaed5ebe3cdd,609,0,0.0827102797634745
5f6b84f9a8b34885a1f7711496bb1276,295,0,0.11744136266773503
cef7b62c968d4e4eb06f41aea6cd6ffc,234,0,0.08195521114682602
a5ac94b8b5f7468d801b24ccd00efdbf,777,0,0.10499435291944609
d6e329b0b77d4aa788d8950f32c6e923,637,0,0.1800882618375927
5af5251d2f264e338caacb60162a23a7,79,0,0.1083124861879749
1021ff0c821049a7ae591e52aac4dd86,723,0,0.1826843954293637
9ec1a0c71e3648dd9155815f73159164,36,0,0.18687522949070923
bc00d499352f41f0a405041a763318b5,353,0,0.12349405677076508
507f651495564797bbee2129d4f72188,174,0,0.18182191426380523
6a121ffb050c4853aa2a5bf431408cd2,304,0,0.18101157129184425
0b40ed3b4ade4f34872425abf468aef2,328,0,0.18007810945896852
f746d51bea6941e5b5662df0fa1d52e6,416,0,0.15864047120221098
754e660a64784209b6ba2d8b659489ad,704,0,0.17789026490721388
4258d47f24b54c1ca357ce5f34eafbed,650,0,0.11116889473376207
e1b5599ad6a944c9adfb29dc4e16a011,307,0,0.13773762804497702
a7bf27c0ad684e989ac9f1faf946d44f,357,0,0.1699086031465366
164f9bd7d2764002bf91cd4321a92150,716,0,0.16987242585289325
227db498d6a445ec8abfbf195ac7c369,650,0,0.10661825590867535
ccd35bc528734ae68154312c6d3e9f69,318,0,0.08673685757553679
e907d01893cc4ece9c1b4ba864b52a79,777,0,0.031005163059795227
930aee1afe3c4a0ebdb3dd4fcc54c157,296,0,0.17169522201116777
3574175d3e1547ce966d82fe3f290c53,403,0,0.17930166425697003
f2d285dabc0f4b31827598dfd47a12bc,347,0,0.18183996575973754
1eb02183846241c1b7334bc94ae418a4,190,0,0.09518592977922102
291e526bce2748288cdc9027049981f1,741,0,0.17365319076537072
c223e3c9e2a9489c8c58b26eeb93224f,621,0,0.18591912736886246
48240ed07a724b32a58e5cb86024b33b,27,0,0.17311469265746127
25d491dd4ae4460b8607e58d47ebd938,687,0,0.18259554452100996
559df9a5f0f148efbf54036bbeacd2e6,200,0,0.17581755757774942
e23d18d8723b4486aa4b7dbcaacf9880,174,0,0.09355554080604511
f9598c50596c4b19a35d370254167b6b,251,0,0.0755210053434856
c6ceb71bc5d749ed8f7c512d504f6acc,175,0,0.1460148156766105
591694eddf3e48aba8deee92bec3616d,408,0,0.09014984126828912
400b455857b54b708031fef493adaddd,246,0,0.012596261941344222
3a50c1128ef34db0a31bf3c32d01fde2,461,0,0.09936843592347583
9b36403c245b4beca7795bf3d0dfce21,775,0,0.18048811947371157
0c5016b22b77456da9f2ccd12febcb1e,597,0,0.17133947141270994
6ed8c320744a466195aca1bb637c999e,625,0,0.17199755417487045
cf3c4109645b42fb90eaff740462fac8,767,0,0.11089221169752722
8d707dcca05a49c98a28f159e8cc2141,767,0,0.09976746511473261
97a432d0d1104edaa0181fa85131dd52,629,0,0.1405614553081403
fbd12cebd2584267a2ca3190a54c363d,721,0,0.155876558313579
8e20cc54af5b4ba89e4148932910c0f1,347,0,0.05005806864189072
2bdb6c9835584469bc6595c6ec6d98cd,681,0,0.07415293784905835
08f4d9c5de3140e59d4a5a9efe71b077,681,1,-0.0474349109298311
912aabb335f04e6fb8356427511d4bc4,782,0,0.09367580431050493
fe7c37199c354b75b4f19086256271b9,681,1,-0.05314195494291818
6c3033c4a7a54b0095f85b5642e78602,241,0,0.18158518505428528
2714788131c0487e987e9cb09c8d9e79,681,1,-0.048746741127697946
3269d5c7806d46abb599c92e57af23da,56,0,0.1794438830131329
8881e76fa5294927b16a77fe08cef602,637,0,0.18113387342548665
f4b29dc4aa3e4841b0708e7279156d30,488,0,0.13409266819323873
cfb026110b6e4352a1e6765ac86270dc,681,1,-0.04571138426955512
d7ebf754b69a48b0b9625efa4a2c5adb,368,0,0.07242123187325228
0b20d387bc674fb88049eaf419e925b9,681,1,-0.044789163439009294
a86eebd0e68f4b16b41a863b82020f4c,681,1,-0.06345874498819881
686a079e08af4ca3aeb0600d91da8788,681,1,-0.046287195260214964
bdcf35699e8a46649132b14eda3a6e72,721,0,0.1309420195414448
baaa9b9b26414503baafe323352d4d4d,234,0,0.0698771839185548
a963973f24df4263829950a88580cc44,376,0,0.14350875417032288
c7ec2fdcf4c54e16b07ffcadaa6f667e,376,0,0.1353625306887844
6f2db61a25964d64bf3e331f58f9410b,376,0,0.12803603163969923
c156b14a51224e4d88d93914606c781d,376,0,0.11087060599432119
e6c8512c450749e7bf0ce70869e6b70c,376,0,0.09420670645541229
0508f345cb1343008245e2cc2a167376,376,0,0.0983137560965121
09a088298f6946d3a7a0f3b2354c910c,376,0,0.10935719428304841
6cb747a37de54bc79e8b2d65bb5cbd8a,376,0,0.08567663506377227
b4ec24d44fd44903896abc2d682c96e5,376,0,0.08878284460673425
7d70c6bdf3794066affa1fab31455d8e,376,0,0.06686189744608922
596e2ae9a5a9453b9dc4e414dd9749a7,376,0,0.06002946325385694
de447f764c964531bfb8d56495b7ac67,376,0,0.058986816529916886
712c52577d53419885a28bb410ddf988,376,0,0.05178559574111724
79af04fc39e440b9b03782cc239431d7,376,0,0.04316361050816603
f5f5b6b6ec9a442b92ac7f6d0933fcc9,376,0,0.014986682265700657
3204a00f91fc49a3a42348f238d8f20d,376,1,-0.026763310666655937
bc2818b9f44a47008f4dcd44e45e3015,376,1,-0.05333462813382428
d7453e11b96f43baaa86f4f81fa0d490,376,0,0.016924541739772092
5a68916ab9584b95ac9fbcb959cad570,376,1,-0.10986879680987116
54a4fc3ab9ff4fe196bf4d9935c1272d,376,1,-0.0034544345688570788
e2defceb331347e394ba4a53bcf64d47,376,1,-0.09644292010156175
87d2e73769964af5a70123723a7efef0,376,1,-0.006001600694993892
cd61ac09ff6f4bb6accdf279a1cf5033,376,1,-0.023908173191196425
5b107e768ab347a884857f4ed1ed30fb,376,1,-0.025998114142594675
d2aeb8efdd3443c6a2efdf3b31ab5dd3,376,1,-0.022345157238746416
90306a2dc4f94583826f879a14a4ecc4,376,1,-0.028949946876114407
a5da7c224f8d40999eba159e29291419,376,1,-0.03732069846051034
b98800788da749aeb7db198e1a4e7335,376,1,-0.01388019879274538
da89d9ec5ce647ff8edd13b5dd6382fe,376,1,-0.027606068876376955
528f0856d8e4452d9c4454ac733f5dd3,376,1,-0.018906983756406537
6dd5c86ed1d343108b097ad09bafdacf,200,0,0.18175616694737073
97b1afce01c14ab699e2ab1532ba15e8,785,0,0.1657300521533192
44128595e5ae4a91a54d0f660b271e11,703,0,0.17546852065211083
862d956f14ee475493b27cb5290464fa,681,0,0.14802615729792368
d1eebebdf8b046b7a735b2832c6e3bb9,311,0,0.1614974211152323
fe69135be8d042a4936c2aee13e1cc17,379,0,0.16546798484845487
7ba66bdf03084c1391f2aac3b4b90ed3,568,0,0.13072369712605908
1370111c08944a879c4025b1e484957c,50,0,0.1874167936094422
8d97ba6b43f842369958526d0548020e,470,0,0.14222356757388305
53a1eb2ece7241d2b2d3e432e3f3be26,353,0,0.14077270136730724
110ca03761a34f1088e3feb92dbf0541,25,0,0.18262216312198676
7616afb237e64097b1e373e1a9cd24e8,448,0,0.18442506377072698
02e01a81580b4dfeba57722ef9a9f9ee,602,0,0.15822420063815706
5d9ebb45855641bebfcc2c1894ecb806,716,0,0.18420020661832287
b2d4aa5ecbe64177b74bfed2bfebd94a,29,0,0.1771251777381
6e5f03244c30489c96001bcd9e0defcc,587,0,0.18792391361316146
2e1c8ca8c2ad4813834512c0ea14df93,246,0,0.18136773296700376
f7b0345860fd4a0f8ce65e6f1be05460,6,0,0.12017188098654158
0262e412cc6e4794a1d790ef63706315,264,0,0.16907712232232197
591797c14a5b48a7a7eda6225bec2b7a,792,0,0.039604403824616996
ef2e8e48021e44749f51dded6b133913,13,0,0.07977161489127993
32f168775ef04040a84a24537a13c660,561,0,0.1005897493589642
f1fa7ddb183d458c8442b4e177e0e7db,28,0,0.17099027568545827
cc177b9e660c462b94f7db1c7aa7cab3,56,0,0.17201536160003128
d4d1729ba916464fb4a8d0113be22bac,396,0,0.17419010376157756
bcc64b472742459181612c99458f3b88,200,0,0.18639284713887755
9f8290fce4694763b78ee4393d765cb6,36,0,0.009738136902878836
017306482e95482691d0e8126195dcb3,509,0,0.18756199511334332
fbff5574f5394bbdac426e88b64fe477,343,0,0.18317512999068697
2af05297af0f48a38f0facc00d9badcb,111,0,0.10949792742026171
eff3a214515944298d8a92a21fbd254b,79,0,0.18132766925240962
1f59b20be1a04898ac09a2956fd3f105,6,0,0.09120610208503788
d5bfd958e6cd4724b74b3ed9dd37083c,305,0,0.17551429814170494
8a60c759cd9549b59a3e4335f0329e69,562,0,0.17176478241137683
b466725ef5214b96881b78ab0783c32d,200,0,0.13586022587706348
aefcda3f543c46b8816122a2dfee50b1,687,0,0.03572859219501573
dcfd82c127294ad780f1e17c1c6e79fc,45,0,0.10166520249657529
8ecf33df0a5a42b5aa97d15114966011,629,0,0.16667966765693182
e66f501d730b4b7ab8f6e444000e51e5,376,0,0.07031732650630818
615af8b4823448a1b993b2397c0b3f2c,637,0,0.1881226136767723
8fe3aeece5314a4f8ea8da2196133015,716,0,0.17757413417737122
395f1b1abdbd45a8b5b85cb7266a0deb,754,0,0.17395959105207576
07799e6d5b8a4f7fb5f3a99821a46c2e,776,0,0.12187459128185135
17d654584c884748bff18271be0cd0f8,773,0,0.08261777863093517
a260bf679490489eb1126af0a894ec64,372,0,0.059339135522073816
56360c5af6154aafb3fd4a3612b25fb6,229,0,0.17961487527128772
ddca869895f64c71866869d30eb35319,424,0,0.17497162557240314
2c3e0565fa114c34ba6a1d5b818560f0,396,0,0.07206478810301797
8390972014ed4d418b5fac4285d7f2ca,238,0,0.18293153198748469
acc89d505cd3499aa08fdbdef77e5138,683,0,0.16694178761178968
430c5c51da9d46c1b11bae7bb7aa5999,675,0,0.165197833034332
f5c0ca7a54334d37b6baece761b5e2a8,93,0,0.1638844321446093
782af94f95254bf1b9dfd6db4f968b19,763,0,0.1633940202757922
c4aa6268d711433ea692589d81211ed6,412,0,0.16546905707803028
6e5b3f993a924902af9b2f35552da5bd,678,0,0.15821672023069777
79109f0ff62b4871ae47e2b6c7786d84,353,0,0.18435280094088846
aa2ef5dc7cc34b0e919427c3375dede7,106,0,0.08246327579522988
57b988b98ecc48c3a6a7b185ed00362f,357,0,0.08401327234614925
f4b99061358b472fbd814a08f9272671,615,0,0.17383108068830133
e23faf3487864edc8b4abb3158dc1247,187,0,0.1870958191822772
abd39331b89346319a1c98c33726f61e,13,0,0.18429002510779446
0d068c5d7cfe4f0bbfd5607c3f892cd7,561,0,0.048578639902891074
d5c2b25a825841e798e7554477485996,785,0,0.012253582162972121
2e646b59f7a041029bb7d03f900a9e38,478,0,0.01392742515194545
c9675c6295ed4c419a24ef468622014c,376,1,-0.016586841137039232
4050f4e4dff544ea9ef64e2463a854ea,448,0,0.15337742791936915
3ab1622cc0164cf5ac7a3d276ad723a2,200,0,0.09710381974034654
083915a7ee754328aed379575722cf30,41,0,0.1579926298361955
788c8baab0ac4c4494718754a4bb9cc9,8,0,0.17280301529126652
51ce1e17ae624a1c82f6b5010bc8cc9b,190,0,0.18243538509669555
50afa4a255ab4c3881caf49a54dcd966,29,0,0.17177013227141824
f00f9a7944104e33b8a70f1079d41cd8,161,0,0.033510704471665265
85bfd406bea644b7b15355474d1621d2,36,0,0.1766686757205756
d4734d6e50aa426fa801e17b2bfaf37e,380,0,0.08274924011031748
149f4746c3ba4d29a623c22a226dc9f9,246,0,0.17933332315405293
3cbb300891004672ab683a7d2791f6c8,479,0,0.1407512383754299
fbe4c2210abe4c75bc96b620aed69f9e,400,0,0.180275562632553
cb8dca0a450d4f338b367aec41f8f82b,448,0,0.125106479050776
5cf7762faeb142068bbead7b4f1b37f8,501,0,0.13536235067926422
2211cbe01f1b47619de6749ed3e4b553,233,0,0.18322495813822037
7f79479e28d04185b9c66705dd7f6849,50,0,0.1800471618454655
48d29b6dee044fc0ab8378101c4fe9ff,318,0,0.1766704573588978
73427635b2f0433799d319ff24ad26aa,239,0,0.16158533697459015
d0b1c70a5abc477c9e26c7ec19ec7e5e,676,0,0.17416477939650243
0cb2f40b0a0b4cae883de0d316a8a6c4,448,0,0.12215992169234469
344c7591ad5c4f92b13d69deb067e5d3,768,0,0.18350296535257277
55525f11bbd54653ad518cba62ea7249,432,0,0.1727101972547453
97f0305dc1c34d7eb19969751b4ed82b,10,0,0.18634889182604453
0e8e4ad5c6994dc1a1ebd7df5f19f5a8,501,0,0.0837862398677589
83c9954516db467db8e5352c69e98bd1,311,0,0.1630725205974839
b9ed8d15a6e44106b48dd0347a450a7f,688,0,0.15147296923336506
02fe7a9782a240bb94ff935e51d065e0,724,0,0.1696451207521229
a68e418e2ccf4f65b95fa45313819ccf,440,0,0.17385137028305714
fb4bc581ddd74b64976f0a1629d3a3d2,17,0,0.18811666482945888
286ef0ccfeb14e61b11514897438781b,303,1,-0.018172944873216412
1fbb7a1ecb3d4cedbb93895a999d40ba,494,0,0.14769592379585417
e10857d690454de0953b1e7d8d94ea1f,75,0,0.1725089412915094
a5d6bafb7251491c9dad8ef07ee786aa,328,0,0.1705954813627909
87187464b1bd4a2587da5437df0f09cd,681,0,0.10479071075965074
01e5c32f42094d98b6bbd4cb7b808a6a,503,0,0.1539774228625828
0c08e9e7058a4c46b06f210a245afdab,408,0,0.10439321621374781
